# General code for working with S4.

# This section is to generate the adjacencies for S4, outputted in a file named “s4canadj.txt”;
# Our vertex names and adjacencies are based on the canonical labeling of B4,
# where the cells are labeled (i,j), 1 <= i,j <= n^2, 
# where i is the row number (top to bottom) and j is the column number (left to right).

o=open('./s4canadj.txt','w')
o.write(str('S4=Graph({'))
o.write(str('\n'))
n = 4								
i = range(1, n^2 + 1)
V = list(cartesian_product([i,i]))	
for k in range(len(V) - 1):			
	u = V[k]							
	X = []							
	for m in range(k+1, len(V)):		
		v = V[m]						
		if u[0] == v[0] or u[1] == v[1] or ceil(u[0]/n) == ceil(v[0]/n) and ceil(u[1]/n) == ceil(v[1]/n): 
			X.append(v)				
	o.write(str(u))
	o.write(str(':'))
	o.write(str(X))					
	o.write(str(',\n'))
o.write(str('})'))
o.close

# Open the file “s4canadj.txt” 
# Copy and past the contents of this file to your working S4 file. We have done so below:
####

S4=Graph({
(1, 1):[(1, 2), (1, 3), (1, 4), (1, 5), (1, 6), (1, 7), (1, 8), (1, 9), (1, 10), (1, 11), (1, 12), (1, 13), (1, 14), (1, 15), (1, 16), (2, 1), (2, 2), (2, 3), (2, 4), (3, 1), (3, 2), (3, 3), (3, 4), (4, 1), (4, 2), (4, 3), (4, 4), (5, 1), (6, 1), (7, 1), (8, 1), (9, 1), (10, 1), (11, 1), (12, 1), (13, 1), (14, 1), (15, 1), (16, 1)],
(1, 2):[(1, 3), (1, 4), (1, 5), (1, 6), (1, 7), (1, 8), (1, 9), (1, 10), (1, 11), (1, 12), (1, 13), (1, 14), (1, 15), (1, 16), (2, 1), (2, 2), (2, 3), (2, 4), (3, 1), (3, 2), (3, 3), (3, 4), (4, 1), (4, 2), (4, 3), (4, 4), (5, 2), (6, 2), (7, 2), (8, 2), (9, 2), (10, 2), (11, 2), (12, 2), (13, 2), (14, 2), (15, 2), (16, 2)],
(1, 3):[(1, 4), (1, 5), (1, 6), (1, 7), (1, 8), (1, 9), (1, 10), (1, 11), (1, 12), (1, 13), (1, 14), (1, 15), (1, 16), (2, 1), (2, 2), (2, 3), (2, 4), (3, 1), (3, 2), (3, 3), (3, 4), (4, 1), (4, 2), (4, 3), (4, 4), (5, 3), (6, 3), (7, 3), (8, 3), (9, 3), (10, 3), (11, 3), (12, 3), (13, 3), (14, 3), (15, 3), (16, 3)],
(1, 4):[(1, 5), (1, 6), (1, 7), (1, 8), (1, 9), (1, 10), (1, 11), (1, 12), (1, 13), (1, 14), (1, 15), (1, 16), (2, 1), (2, 2), (2, 3), (2, 4), (3, 1), (3, 2), (3, 3), (3, 4), (4, 1), (4, 2), (4, 3), (4, 4), (5, 4), (6, 4), (7, 4), (8, 4), (9, 4), (10, 4), (11, 4), (12, 4), (13, 4), (14, 4), (15, 4), (16, 4)],
(1, 5):[(1, 6), (1, 7), (1, 8), (1, 9), (1, 10), (1, 11), (1, 12), (1, 13), (1, 14), (1, 15), (1, 16), (2, 5), (2, 6), (2, 7), (2, 8), (3, 5), (3, 6), (3, 7), (3, 8), (4, 5), (4, 6), (4, 7), (4, 8), (5, 5), (6, 5), (7, 5), (8, 5), (9, 5), (10, 5), (11, 5), (12, 5), (13, 5), (14, 5), (15, 5), (16, 5)],
(1, 6):[(1, 7), (1, 8), (1, 9), (1, 10), (1, 11), (1, 12), (1, 13), (1, 14), (1, 15), (1, 16), (2, 5), (2, 6), (2, 7), (2, 8), (3, 5), (3, 6), (3, 7), (3, 8), (4, 5), (4, 6), (4, 7), (4, 8), (5, 6), (6, 6), (7, 6), (8, 6), (9, 6), (10, 6), (11, 6), (12, 6), (13, 6), (14, 6), (15, 6), (16, 6)],
(1, 7):[(1, 8), (1, 9), (1, 10), (1, 11), (1, 12), (1, 13), (1, 14), (1, 15), (1, 16), (2, 5), (2, 6), (2, 7), (2, 8), (3, 5), (3, 6), (3, 7), (3, 8), (4, 5), (4, 6), (4, 7), (4, 8), (5, 7), (6, 7), (7, 7), (8, 7), (9, 7), (10, 7), (11, 7), (12, 7), (13, 7), (14, 7), (15, 7), (16, 7)],
(1, 8):[(1, 9), (1, 10), (1, 11), (1, 12), (1, 13), (1, 14), (1, 15), (1, 16), (2, 5), (2, 6), (2, 7), (2, 8), (3, 5), (3, 6), (3, 7), (3, 8), (4, 5), (4, 6), (4, 7), (4, 8), (5, 8), (6, 8), (7, 8), (8, 8), (9, 8), (10, 8), (11, 8), (12, 8), (13, 8), (14, 8), (15, 8), (16, 8)],
(1, 9):[(1, 10), (1, 11), (1, 12), (1, 13), (1, 14), (1, 15), (1, 16), (2, 9), (2, 10), (2, 11), (2, 12), (3, 9), (3, 10), (3, 11), (3, 12), (4, 9), (4, 10), (4, 11), (4, 12), (5, 9), (6, 9), (7, 9), (8, 9), (9, 9), (10, 9), (11, 9), (12, 9), (13, 9), (14, 9), (15, 9), (16, 9)],
(1, 10):[(1, 11), (1, 12), (1, 13), (1, 14), (1, 15), (1, 16), (2, 9), (2, 10), (2, 11), (2, 12), (3, 9), (3, 10), (3, 11), (3, 12), (4, 9), (4, 10), (4, 11), (4, 12), (5, 10), (6, 10), (7, 10), (8, 10), (9, 10), (10, 10), (11, 10), (12, 10), (13, 10), (14, 10), (15, 10), (16, 10)],
(1, 11):[(1, 12), (1, 13), (1, 14), (1, 15), (1, 16), (2, 9), (2, 10), (2, 11), (2, 12), (3, 9), (3, 10), (3, 11), (3, 12), (4, 9), (4, 10), (4, 11), (4, 12), (5, 11), (6, 11), (7, 11), (8, 11), (9, 11), (10, 11), (11, 11), (12, 11), (13, 11), (14, 11), (15, 11), (16, 11)],
(1, 12):[(1, 13), (1, 14), (1, 15), (1, 16), (2, 9), (2, 10), (2, 11), (2, 12), (3, 9), (3, 10), (3, 11), (3, 12), (4, 9), (4, 10), (4, 11), (4, 12), (5, 12), (6, 12), (7, 12), (8, 12), (9, 12), (10, 12), (11, 12), (12, 12), (13, 12), (14, 12), (15, 12), (16, 12)],
(1, 13):[(1, 14), (1, 15), (1, 16), (2, 13), (2, 14), (2, 15), (2, 16), (3, 13), (3, 14), (3, 15), (3, 16), (4, 13), (4, 14), (4, 15), (4, 16), (5, 13), (6, 13), (7, 13), (8, 13), (9, 13), (10, 13), (11, 13), (12, 13), (13, 13), (14, 13), (15, 13), (16, 13)],
(1, 14):[(1, 15), (1, 16), (2, 13), (2, 14), (2, 15), (2, 16), (3, 13), (3, 14), (3, 15), (3, 16), (4, 13), (4, 14), (4, 15), (4, 16), (5, 14), (6, 14), (7, 14), (8, 14), (9, 14), (10, 14), (11, 14), (12, 14), (13, 14), (14, 14), (15, 14), (16, 14)],
(1, 15):[(1, 16), (2, 13), (2, 14), (2, 15), (2, 16), (3, 13), (3, 14), (3, 15), (3, 16), (4, 13), (4, 14), (4, 15), (4, 16), (5, 15), (6, 15), (7, 15), (8, 15), (9, 15), (10, 15), (11, 15), (12, 15), (13, 15), (14, 15), (15, 15), (16, 15)],
(1, 16):[(2, 13), (2, 14), (2, 15), (2, 16), (3, 13), (3, 14), (3, 15), (3, 16), (4, 13), (4, 14), (4, 15), (4, 16), (5, 16), (6, 16), (7, 16), (8, 16), (9, 16), (10, 16), (11, 16), (12, 16), (13, 16), (14, 16), (15, 16), (16, 16)],
(2, 1):[(2, 2), (2, 3), (2, 4), (2, 5), (2, 6), (2, 7), (2, 8), (2, 9), (2, 10), (2, 11), (2, 12), (2, 13), (2, 14), (2, 15), (2, 16), (3, 1), (3, 2), (3, 3), (3, 4), (4, 1), (4, 2), (4, 3), (4, 4), (5, 1), (6, 1), (7, 1), (8, 1), (9, 1), (10, 1), (11, 1), (12, 1), (13, 1), (14, 1), (15, 1), (16, 1)],
(2, 2):[(2, 3), (2, 4), (2, 5), (2, 6), (2, 7), (2, 8), (2, 9), (2, 10), (2, 11), (2, 12), (2, 13), (2, 14), (2, 15), (2, 16), (3, 1), (3, 2), (3, 3), (3, 4), (4, 1), (4, 2), (4, 3), (4, 4), (5, 2), (6, 2), (7, 2), (8, 2), (9, 2), (10, 2), (11, 2), (12, 2), (13, 2), (14, 2), (15, 2), (16, 2)],
(2, 3):[(2, 4), (2, 5), (2, 6), (2, 7), (2, 8), (2, 9), (2, 10), (2, 11), (2, 12), (2, 13), (2, 14), (2, 15), (2, 16), (3, 1), (3, 2), (3, 3), (3, 4), (4, 1), (4, 2), (4, 3), (4, 4), (5, 3), (6, 3), (7, 3), (8, 3), (9, 3), (10, 3), (11, 3), (12, 3), (13, 3), (14, 3), (15, 3), (16, 3)],
(2, 4):[(2, 5), (2, 6), (2, 7), (2, 8), (2, 9), (2, 10), (2, 11), (2, 12), (2, 13), (2, 14), (2, 15), (2, 16), (3, 1), (3, 2), (3, 3), (3, 4), (4, 1), (4, 2), (4, 3), (4, 4), (5, 4), (6, 4), (7, 4), (8, 4), (9, 4), (10, 4), (11, 4), (12, 4), (13, 4), (14, 4), (15, 4), (16, 4)],
(2, 5):[(2, 6), (2, 7), (2, 8), (2, 9), (2, 10), (2, 11), (2, 12), (2, 13), (2, 14), (2, 15), (2, 16), (3, 5), (3, 6), (3, 7), (3, 8), (4, 5), (4, 6), (4, 7), (4, 8), (5, 5), (6, 5), (7, 5), (8, 5), (9, 5), (10, 5), (11, 5), (12, 5), (13, 5), (14, 5), (15, 5), (16, 5)],
(2, 6):[(2, 7), (2, 8), (2, 9), (2, 10), (2, 11), (2, 12), (2, 13), (2, 14), (2, 15), (2, 16), (3, 5), (3, 6), (3, 7), (3, 8), (4, 5), (4, 6), (4, 7), (4, 8), (5, 6), (6, 6), (7, 6), (8, 6), (9, 6), (10, 6), (11, 6), (12, 6), (13, 6), (14, 6), (15, 6), (16, 6)],
(2, 7):[(2, 8), (2, 9), (2, 10), (2, 11), (2, 12), (2, 13), (2, 14), (2, 15), (2, 16), (3, 5), (3, 6), (3, 7), (3, 8), (4, 5), (4, 6), (4, 7), (4, 8), (5, 7), (6, 7), (7, 7), (8, 7), (9, 7), (10, 7), (11, 7), (12, 7), (13, 7), (14, 7), (15, 7), (16, 7)],
(2, 8):[(2, 9), (2, 10), (2, 11), (2, 12), (2, 13), (2, 14), (2, 15), (2, 16), (3, 5), (3, 6), (3, 7), (3, 8), (4, 5), (4, 6), (4, 7), (4, 8), (5, 8), (6, 8), (7, 8), (8, 8), (9, 8), (10, 8), (11, 8), (12, 8), (13, 8), (14, 8), (15, 8), (16, 8)],
(2, 9):[(2, 10), (2, 11), (2, 12), (2, 13), (2, 14), (2, 15), (2, 16), (3, 9), (3, 10), (3, 11), (3, 12), (4, 9), (4, 10), (4, 11), (4, 12), (5, 9), (6, 9), (7, 9), (8, 9), (9, 9), (10, 9), (11, 9), (12, 9), (13, 9), (14, 9), (15, 9), (16, 9)],
(2, 10):[(2, 11), (2, 12), (2, 13), (2, 14), (2, 15), (2, 16), (3, 9), (3, 10), (3, 11), (3, 12), (4, 9), (4, 10), (4, 11), (4, 12), (5, 10), (6, 10), (7, 10), (8, 10), (9, 10), (10, 10), (11, 10), (12, 10), (13, 10), (14, 10), (15, 10), (16, 10)],
(2, 11):[(2, 12), (2, 13), (2, 14), (2, 15), (2, 16), (3, 9), (3, 10), (3, 11), (3, 12), (4, 9), (4, 10), (4, 11), (4, 12), (5, 11), (6, 11), (7, 11), (8, 11), (9, 11), (10, 11), (11, 11), (12, 11), (13, 11), (14, 11), (15, 11), (16, 11)],
(2, 12):[(2, 13), (2, 14), (2, 15), (2, 16), (3, 9), (3, 10), (3, 11), (3, 12), (4, 9), (4, 10), (4, 11), (4, 12), (5, 12), (6, 12), (7, 12), (8, 12), (9, 12), (10, 12), (11, 12), (12, 12), (13, 12), (14, 12), (15, 12), (16, 12)],
(2, 13):[(2, 14), (2, 15), (2, 16), (3, 13), (3, 14), (3, 15), (3, 16), (4, 13), (4, 14), (4, 15), (4, 16), (5, 13), (6, 13), (7, 13), (8, 13), (9, 13), (10, 13), (11, 13), (12, 13), (13, 13), (14, 13), (15, 13), (16, 13)],
(2, 14):[(2, 15), (2, 16), (3, 13), (3, 14), (3, 15), (3, 16), (4, 13), (4, 14), (4, 15), (4, 16), (5, 14), (6, 14), (7, 14), (8, 14), (9, 14), (10, 14), (11, 14), (12, 14), (13, 14), (14, 14), (15, 14), (16, 14)],
(2, 15):[(2, 16), (3, 13), (3, 14), (3, 15), (3, 16), (4, 13), (4, 14), (4, 15), (4, 16), (5, 15), (6, 15), (7, 15), (8, 15), (9, 15), (10, 15), (11, 15), (12, 15), (13, 15), (14, 15), (15, 15), (16, 15)],
(2, 16):[(3, 13), (3, 14), (3, 15), (3, 16), (4, 13), (4, 14), (4, 15), (4, 16), (5, 16), (6, 16), (7, 16), (8, 16), (9, 16), (10, 16), (11, 16), (12, 16), (13, 16), (14, 16), (15, 16), (16, 16)],
(3, 1):[(3, 2), (3, 3), (3, 4), (3, 5), (3, 6), (3, 7), (3, 8), (3, 9), (3, 10), (3, 11), (3, 12), (3, 13), (3, 14), (3, 15), (3, 16), (4, 1), (4, 2), (4, 3), (4, 4), (5, 1), (6, 1), (7, 1), (8, 1), (9, 1), (10, 1), (11, 1), (12, 1), (13, 1), (14, 1), (15, 1), (16, 1)],
(3, 2):[(3, 3), (3, 4), (3, 5), (3, 6), (3, 7), (3, 8), (3, 9), (3, 10), (3, 11), (3, 12), (3, 13), (3, 14), (3, 15), (3, 16), (4, 1), (4, 2), (4, 3), (4, 4), (5, 2), (6, 2), (7, 2), (8, 2), (9, 2), (10, 2), (11, 2), (12, 2), (13, 2), (14, 2), (15, 2), (16, 2)],
(3, 3):[(3, 4), (3, 5), (3, 6), (3, 7), (3, 8), (3, 9), (3, 10), (3, 11), (3, 12), (3, 13), (3, 14), (3, 15), (3, 16), (4, 1), (4, 2), (4, 3), (4, 4), (5, 3), (6, 3), (7, 3), (8, 3), (9, 3), (10, 3), (11, 3), (12, 3), (13, 3), (14, 3), (15, 3), (16, 3)],
(3, 4):[(3, 5), (3, 6), (3, 7), (3, 8), (3, 9), (3, 10), (3, 11), (3, 12), (3, 13), (3, 14), (3, 15), (3, 16), (4, 1), (4, 2), (4, 3), (4, 4), (5, 4), (6, 4), (7, 4), (8, 4), (9, 4), (10, 4), (11, 4), (12, 4), (13, 4), (14, 4), (15, 4), (16, 4)],
(3, 5):[(3, 6), (3, 7), (3, 8), (3, 9), (3, 10), (3, 11), (3, 12), (3, 13), (3, 14), (3, 15), (3, 16), (4, 5), (4, 6), (4, 7), (4, 8), (5, 5), (6, 5), (7, 5), (8, 5), (9, 5), (10, 5), (11, 5), (12, 5), (13, 5), (14, 5), (15, 5), (16, 5)],
(3, 6):[(3, 7), (3, 8), (3, 9), (3, 10), (3, 11), (3, 12), (3, 13), (3, 14), (3, 15), (3, 16), (4, 5), (4, 6), (4, 7), (4, 8), (5, 6), (6, 6), (7, 6), (8, 6), (9, 6), (10, 6), (11, 6), (12, 6), (13, 6), (14, 6), (15, 6), (16, 6)],
(3, 7):[(3, 8), (3, 9), (3, 10), (3, 11), (3, 12), (3, 13), (3, 14), (3, 15), (3, 16), (4, 5), (4, 6), (4, 7), (4, 8), (5, 7), (6, 7), (7, 7), (8, 7), (9, 7), (10, 7), (11, 7), (12, 7), (13, 7), (14, 7), (15, 7), (16, 7)],
(3, 8):[(3, 9), (3, 10), (3, 11), (3, 12), (3, 13), (3, 14), (3, 15), (3, 16), (4, 5), (4, 6), (4, 7), (4, 8), (5, 8), (6, 8), (7, 8), (8, 8), (9, 8), (10, 8), (11, 8), (12, 8), (13, 8), (14, 8), (15, 8), (16, 8)],
(3, 9):[(3, 10), (3, 11), (3, 12), (3, 13), (3, 14), (3, 15), (3, 16), (4, 9), (4, 10), (4, 11), (4, 12), (5, 9), (6, 9), (7, 9), (8, 9), (9, 9), (10, 9), (11, 9), (12, 9), (13, 9), (14, 9), (15, 9), (16, 9)],
(3, 10):[(3, 11), (3, 12), (3, 13), (3, 14), (3, 15), (3, 16), (4, 9), (4, 10), (4, 11), (4, 12), (5, 10), (6, 10), (7, 10), (8, 10), (9, 10), (10, 10), (11, 10), (12, 10), (13, 10), (14, 10), (15, 10), (16, 10)],
(3, 11):[(3, 12), (3, 13), (3, 14), (3, 15), (3, 16), (4, 9), (4, 10), (4, 11), (4, 12), (5, 11), (6, 11), (7, 11), (8, 11), (9, 11), (10, 11), (11, 11), (12, 11), (13, 11), (14, 11), (15, 11), (16, 11)],
(3, 12):[(3, 13), (3, 14), (3, 15), (3, 16), (4, 9), (4, 10), (4, 11), (4, 12), (5, 12), (6, 12), (7, 12), (8, 12), (9, 12), (10, 12), (11, 12), (12, 12), (13, 12), (14, 12), (15, 12), (16, 12)],
(3, 13):[(3, 14), (3, 15), (3, 16), (4, 13), (4, 14), (4, 15), (4, 16), (5, 13), (6, 13), (7, 13), (8, 13), (9, 13), (10, 13), (11, 13), (12, 13), (13, 13), (14, 13), (15, 13), (16, 13)],
(3, 14):[(3, 15), (3, 16), (4, 13), (4, 14), (4, 15), (4, 16), (5, 14), (6, 14), (7, 14), (8, 14), (9, 14), (10, 14), (11, 14), (12, 14), (13, 14), (14, 14), (15, 14), (16, 14)],
(3, 15):[(3, 16), (4, 13), (4, 14), (4, 15), (4, 16), (5, 15), (6, 15), (7, 15), (8, 15), (9, 15), (10, 15), (11, 15), (12, 15), (13, 15), (14, 15), (15, 15), (16, 15)],
(3, 16):[(4, 13), (4, 14), (4, 15), (4, 16), (5, 16), (6, 16), (7, 16), (8, 16), (9, 16), (10, 16), (11, 16), (12, 16), (13, 16), (14, 16), (15, 16), (16, 16)],
(4, 1):[(4, 2), (4, 3), (4, 4), (4, 5), (4, 6), (4, 7), (4, 8), (4, 9), (4, 10), (4, 11), (4, 12), (4, 13), (4, 14), (4, 15), (4, 16), (5, 1), (6, 1), (7, 1), (8, 1), (9, 1), (10, 1), (11, 1), (12, 1), (13, 1), (14, 1), (15, 1), (16, 1)],
(4, 2):[(4, 3), (4, 4), (4, 5), (4, 6), (4, 7), (4, 8), (4, 9), (4, 10), (4, 11), (4, 12), (4, 13), (4, 14), (4, 15), (4, 16), (5, 2), (6, 2), (7, 2), (8, 2), (9, 2), (10, 2), (11, 2), (12, 2), (13, 2), (14, 2), (15, 2), (16, 2)],
(4, 3):[(4, 4), (4, 5), (4, 6), (4, 7), (4, 8), (4, 9), (4, 10), (4, 11), (4, 12), (4, 13), (4, 14), (4, 15), (4, 16), (5, 3), (6, 3), (7, 3), (8, 3), (9, 3), (10, 3), (11, 3), (12, 3), (13, 3), (14, 3), (15, 3), (16, 3)],
(4, 4):[(4, 5), (4, 6), (4, 7), (4, 8), (4, 9), (4, 10), (4, 11), (4, 12), (4, 13), (4, 14), (4, 15), (4, 16), (5, 4), (6, 4), (7, 4), (8, 4), (9, 4), (10, 4), (11, 4), (12, 4), (13, 4), (14, 4), (15, 4), (16, 4)],
(4, 5):[(4, 6), (4, 7), (4, 8), (4, 9), (4, 10), (4, 11), (4, 12), (4, 13), (4, 14), (4, 15), (4, 16), (5, 5), (6, 5), (7, 5), (8, 5), (9, 5), (10, 5), (11, 5), (12, 5), (13, 5), (14, 5), (15, 5), (16, 5)],
(4, 6):[(4, 7), (4, 8), (4, 9), (4, 10), (4, 11), (4, 12), (4, 13), (4, 14), (4, 15), (4, 16), (5, 6), (6, 6), (7, 6), (8, 6), (9, 6), (10, 6), (11, 6), (12, 6), (13, 6), (14, 6), (15, 6), (16, 6)],
(4, 7):[(4, 8), (4, 9), (4, 10), (4, 11), (4, 12), (4, 13), (4, 14), (4, 15), (4, 16), (5, 7), (6, 7), (7, 7), (8, 7), (9, 7), (10, 7), (11, 7), (12, 7), (13, 7), (14, 7), (15, 7), (16, 7)],
(4, 8):[(4, 9), (4, 10), (4, 11), (4, 12), (4, 13), (4, 14), (4, 15), (4, 16), (5, 8), (6, 8), (7, 8), (8, 8), (9, 8), (10, 8), (11, 8), (12, 8), (13, 8), (14, 8), (15, 8), (16, 8)],
(4, 9):[(4, 10), (4, 11), (4, 12), (4, 13), (4, 14), (4, 15), (4, 16), (5, 9), (6, 9), (7, 9), (8, 9), (9, 9), (10, 9), (11, 9), (12, 9), (13, 9), (14, 9), (15, 9), (16, 9)],
(4, 10):[(4, 11), (4, 12), (4, 13), (4, 14), (4, 15), (4, 16), (5, 10), (6, 10), (7, 10), (8, 10), (9, 10), (10, 10), (11, 10), (12, 10), (13, 10), (14, 10), (15, 10), (16, 10)],
(4, 11):[(4, 12), (4, 13), (4, 14), (4, 15), (4, 16), (5, 11), (6, 11), (7, 11), (8, 11), (9, 11), (10, 11), (11, 11), (12, 11), (13, 11), (14, 11), (15, 11), (16, 11)],
(4, 12):[(4, 13), (4, 14), (4, 15), (4, 16), (5, 12), (6, 12), (7, 12), (8, 12), (9, 12), (10, 12), (11, 12), (12, 12), (13, 12), (14, 12), (15, 12), (16, 12)],
(4, 13):[(4, 14), (4, 15), (4, 16), (5, 13), (6, 13), (7, 13), (8, 13), (9, 13), (10, 13), (11, 13), (12, 13), (13, 13), (14, 13), (15, 13), (16, 13)],
(4, 14):[(4, 15), (4, 16), (5, 14), (6, 14), (7, 14), (8, 14), (9, 14), (10, 14), (11, 14), (12, 14), (13, 14), (14, 14), (15, 14), (16, 14)],
(4, 15):[(4, 16), (5, 15), (6, 15), (7, 15), (8, 15), (9, 15), (10, 15), (11, 15), (12, 15), (13, 15), (14, 15), (15, 15), (16, 15)],
(4, 16):[(5, 16), (6, 16), (7, 16), (8, 16), (9, 16), (10, 16), (11, 16), (12, 16), (13, 16), (14, 16), (15, 16), (16, 16)],
(5, 1):[(5, 2), (5, 3), (5, 4), (5, 5), (5, 6), (5, 7), (5, 8), (5, 9), (5, 10), (5, 11), (5, 12), (5, 13), (5, 14), (5, 15), (5, 16), (6, 1), (6, 2), (6, 3), (6, 4), (7, 1), (7, 2), (7, 3), (7, 4), (8, 1), (8, 2), (8, 3), (8, 4), (9, 1), (10, 1), (11, 1), (12, 1), (13, 1), (14, 1), (15, 1), (16, 1)],
(5, 2):[(5, 3), (5, 4), (5, 5), (5, 6), (5, 7), (5, 8), (5, 9), (5, 10), (5, 11), (5, 12), (5, 13), (5, 14), (5, 15), (5, 16), (6, 1), (6, 2), (6, 3), (6, 4), (7, 1), (7, 2), (7, 3), (7, 4), (8, 1), (8, 2), (8, 3), (8, 4), (9, 2), (10, 2), (11, 2), (12, 2), (13, 2), (14, 2), (15, 2), (16, 2)],
(5, 3):[(5, 4), (5, 5), (5, 6), (5, 7), (5, 8), (5, 9), (5, 10), (5, 11), (5, 12), (5, 13), (5, 14), (5, 15), (5, 16), (6, 1), (6, 2), (6, 3), (6, 4), (7, 1), (7, 2), (7, 3), (7, 4), (8, 1), (8, 2), (8, 3), (8, 4), (9, 3), (10, 3), (11, 3), (12, 3), (13, 3), (14, 3), (15, 3), (16, 3)],
(5, 4):[(5, 5), (5, 6), (5, 7), (5, 8), (5, 9), (5, 10), (5, 11), (5, 12), (5, 13), (5, 14), (5, 15), (5, 16), (6, 1), (6, 2), (6, 3), (6, 4), (7, 1), (7, 2), (7, 3), (7, 4), (8, 1), (8, 2), (8, 3), (8, 4), (9, 4), (10, 4), (11, 4), (12, 4), (13, 4), (14, 4), (15, 4), (16, 4)],
(5, 5):[(5, 6), (5, 7), (5, 8), (5, 9), (5, 10), (5, 11), (5, 12), (5, 13), (5, 14), (5, 15), (5, 16), (6, 5), (6, 6), (6, 7), (6, 8), (7, 5), (7, 6), (7, 7), (7, 8), (8, 5), (8, 6), (8, 7), (8, 8), (9, 5), (10, 5), (11, 5), (12, 5), (13, 5), (14, 5), (15, 5), (16, 5)],
(5, 6):[(5, 7), (5, 8), (5, 9), (5, 10), (5, 11), (5, 12), (5, 13), (5, 14), (5, 15), (5, 16), (6, 5), (6, 6), (6, 7), (6, 8), (7, 5), (7, 6), (7, 7), (7, 8), (8, 5), (8, 6), (8, 7), (8, 8), (9, 6), (10, 6), (11, 6), (12, 6), (13, 6), (14, 6), (15, 6), (16, 6)],
(5, 7):[(5, 8), (5, 9), (5, 10), (5, 11), (5, 12), (5, 13), (5, 14), (5, 15), (5, 16), (6, 5), (6, 6), (6, 7), (6, 8), (7, 5), (7, 6), (7, 7), (7, 8), (8, 5), (8, 6), (8, 7), (8, 8), (9, 7), (10, 7), (11, 7), (12, 7), (13, 7), (14, 7), (15, 7), (16, 7)],
(5, 8):[(5, 9), (5, 10), (5, 11), (5, 12), (5, 13), (5, 14), (5, 15), (5, 16), (6, 5), (6, 6), (6, 7), (6, 8), (7, 5), (7, 6), (7, 7), (7, 8), (8, 5), (8, 6), (8, 7), (8, 8), (9, 8), (10, 8), (11, 8), (12, 8), (13, 8), (14, 8), (15, 8), (16, 8)],
(5, 9):[(5, 10), (5, 11), (5, 12), (5, 13), (5, 14), (5, 15), (5, 16), (6, 9), (6, 10), (6, 11), (6, 12), (7, 9), (7, 10), (7, 11), (7, 12), (8, 9), (8, 10), (8, 11), (8, 12), (9, 9), (10, 9), (11, 9), (12, 9), (13, 9), (14, 9), (15, 9), (16, 9)],
(5, 10):[(5, 11), (5, 12), (5, 13), (5, 14), (5, 15), (5, 16), (6, 9), (6, 10), (6, 11), (6, 12), (7, 9), (7, 10), (7, 11), (7, 12), (8, 9), (8, 10), (8, 11), (8, 12), (9, 10), (10, 10), (11, 10), (12, 10), (13, 10), (14, 10), (15, 10), (16, 10)],
(5, 11):[(5, 12), (5, 13), (5, 14), (5, 15), (5, 16), (6, 9), (6, 10), (6, 11), (6, 12), (7, 9), (7, 10), (7, 11), (7, 12), (8, 9), (8, 10), (8, 11), (8, 12), (9, 11), (10, 11), (11, 11), (12, 11), (13, 11), (14, 11), (15, 11), (16, 11)],
(5, 12):[(5, 13), (5, 14), (5, 15), (5, 16), (6, 9), (6, 10), (6, 11), (6, 12), (7, 9), (7, 10), (7, 11), (7, 12), (8, 9), (8, 10), (8, 11), (8, 12), (9, 12), (10, 12), (11, 12), (12, 12), (13, 12), (14, 12), (15, 12), (16, 12)],
(5, 13):[(5, 14), (5, 15), (5, 16), (6, 13), (6, 14), (6, 15), (6, 16), (7, 13), (7, 14), (7, 15), (7, 16), (8, 13), (8, 14), (8, 15), (8, 16), (9, 13), (10, 13), (11, 13), (12, 13), (13, 13), (14, 13), (15, 13), (16, 13)],
(5, 14):[(5, 15), (5, 16), (6, 13), (6, 14), (6, 15), (6, 16), (7, 13), (7, 14), (7, 15), (7, 16), (8, 13), (8, 14), (8, 15), (8, 16), (9, 14), (10, 14), (11, 14), (12, 14), (13, 14), (14, 14), (15, 14), (16, 14)],
(5, 15):[(5, 16), (6, 13), (6, 14), (6, 15), (6, 16), (7, 13), (7, 14), (7, 15), (7, 16), (8, 13), (8, 14), (8, 15), (8, 16), (9, 15), (10, 15), (11, 15), (12, 15), (13, 15), (14, 15), (15, 15), (16, 15)],
(5, 16):[(6, 13), (6, 14), (6, 15), (6, 16), (7, 13), (7, 14), (7, 15), (7, 16), (8, 13), (8, 14), (8, 15), (8, 16), (9, 16), (10, 16), (11, 16), (12, 16), (13, 16), (14, 16), (15, 16), (16, 16)],
(6, 1):[(6, 2), (6, 3), (6, 4), (6, 5), (6, 6), (6, 7), (6, 8), (6, 9), (6, 10), (6, 11), (6, 12), (6, 13), (6, 14), (6, 15), (6, 16), (7, 1), (7, 2), (7, 3), (7, 4), (8, 1), (8, 2), (8, 3), (8, 4), (9, 1), (10, 1), (11, 1), (12, 1), (13, 1), (14, 1), (15, 1), (16, 1)],
(6, 2):[(6, 3), (6, 4), (6, 5), (6, 6), (6, 7), (6, 8), (6, 9), (6, 10), (6, 11), (6, 12), (6, 13), (6, 14), (6, 15), (6, 16), (7, 1), (7, 2), (7, 3), (7, 4), (8, 1), (8, 2), (8, 3), (8, 4), (9, 2), (10, 2), (11, 2), (12, 2), (13, 2), (14, 2), (15, 2), (16, 2)],
(6, 3):[(6, 4), (6, 5), (6, 6), (6, 7), (6, 8), (6, 9), (6, 10), (6, 11), (6, 12), (6, 13), (6, 14), (6, 15), (6, 16), (7, 1), (7, 2), (7, 3), (7, 4), (8, 1), (8, 2), (8, 3), (8, 4), (9, 3), (10, 3), (11, 3), (12, 3), (13, 3), (14, 3), (15, 3), (16, 3)],
(6, 4):[(6, 5), (6, 6), (6, 7), (6, 8), (6, 9), (6, 10), (6, 11), (6, 12), (6, 13), (6, 14), (6, 15), (6, 16), (7, 1), (7, 2), (7, 3), (7, 4), (8, 1), (8, 2), (8, 3), (8, 4), (9, 4), (10, 4), (11, 4), (12, 4), (13, 4), (14, 4), (15, 4), (16, 4)],
(6, 5):[(6, 6), (6, 7), (6, 8), (6, 9), (6, 10), (6, 11), (6, 12), (6, 13), (6, 14), (6, 15), (6, 16), (7, 5), (7, 6), (7, 7), (7, 8), (8, 5), (8, 6), (8, 7), (8, 8), (9, 5), (10, 5), (11, 5), (12, 5), (13, 5), (14, 5), (15, 5), (16, 5)],
(6, 6):[(6, 7), (6, 8), (6, 9), (6, 10), (6, 11), (6, 12), (6, 13), (6, 14), (6, 15), (6, 16), (7, 5), (7, 6), (7, 7), (7, 8), (8, 5), (8, 6), (8, 7), (8, 8), (9, 6), (10, 6), (11, 6), (12, 6), (13, 6), (14, 6), (15, 6), (16, 6)],
(6, 7):[(6, 8), (6, 9), (6, 10), (6, 11), (6, 12), (6, 13), (6, 14), (6, 15), (6, 16), (7, 5), (7, 6), (7, 7), (7, 8), (8, 5), (8, 6), (8, 7), (8, 8), (9, 7), (10, 7), (11, 7), (12, 7), (13, 7), (14, 7), (15, 7), (16, 7)],
(6, 8):[(6, 9), (6, 10), (6, 11), (6, 12), (6, 13), (6, 14), (6, 15), (6, 16), (7, 5), (7, 6), (7, 7), (7, 8), (8, 5), (8, 6), (8, 7), (8, 8), (9, 8), (10, 8), (11, 8), (12, 8), (13, 8), (14, 8), (15, 8), (16, 8)],
(6, 9):[(6, 10), (6, 11), (6, 12), (6, 13), (6, 14), (6, 15), (6, 16), (7, 9), (7, 10), (7, 11), (7, 12), (8, 9), (8, 10), (8, 11), (8, 12), (9, 9), (10, 9), (11, 9), (12, 9), (13, 9), (14, 9), (15, 9), (16, 9)],
(6, 10):[(6, 11), (6, 12), (6, 13), (6, 14), (6, 15), (6, 16), (7, 9), (7, 10), (7, 11), (7, 12), (8, 9), (8, 10), (8, 11), (8, 12), (9, 10), (10, 10), (11, 10), (12, 10), (13, 10), (14, 10), (15, 10), (16, 10)],
(6, 11):[(6, 12), (6, 13), (6, 14), (6, 15), (6, 16), (7, 9), (7, 10), (7, 11), (7, 12), (8, 9), (8, 10), (8, 11), (8, 12), (9, 11), (10, 11), (11, 11), (12, 11), (13, 11), (14, 11), (15, 11), (16, 11)],
(6, 12):[(6, 13), (6, 14), (6, 15), (6, 16), (7, 9), (7, 10), (7, 11), (7, 12), (8, 9), (8, 10), (8, 11), (8, 12), (9, 12), (10, 12), (11, 12), (12, 12), (13, 12), (14, 12), (15, 12), (16, 12)],
(6, 13):[(6, 14), (6, 15), (6, 16), (7, 13), (7, 14), (7, 15), (7, 16), (8, 13), (8, 14), (8, 15), (8, 16), (9, 13), (10, 13), (11, 13), (12, 13), (13, 13), (14, 13), (15, 13), (16, 13)],
(6, 14):[(6, 15), (6, 16), (7, 13), (7, 14), (7, 15), (7, 16), (8, 13), (8, 14), (8, 15), (8, 16), (9, 14), (10, 14), (11, 14), (12, 14), (13, 14), (14, 14), (15, 14), (16, 14)],
(6, 15):[(6, 16), (7, 13), (7, 14), (7, 15), (7, 16), (8, 13), (8, 14), (8, 15), (8, 16), (9, 15), (10, 15), (11, 15), (12, 15), (13, 15), (14, 15), (15, 15), (16, 15)],
(6, 16):[(7, 13), (7, 14), (7, 15), (7, 16), (8, 13), (8, 14), (8, 15), (8, 16), (9, 16), (10, 16), (11, 16), (12, 16), (13, 16), (14, 16), (15, 16), (16, 16)],
(7, 1):[(7, 2), (7, 3), (7, 4), (7, 5), (7, 6), (7, 7), (7, 8), (7, 9), (7, 10), (7, 11), (7, 12), (7, 13), (7, 14), (7, 15), (7, 16), (8, 1), (8, 2), (8, 3), (8, 4), (9, 1), (10, 1), (11, 1), (12, 1), (13, 1), (14, 1), (15, 1), (16, 1)],
(7, 2):[(7, 3), (7, 4), (7, 5), (7, 6), (7, 7), (7, 8), (7, 9), (7, 10), (7, 11), (7, 12), (7, 13), (7, 14), (7, 15), (7, 16), (8, 1), (8, 2), (8, 3), (8, 4), (9, 2), (10, 2), (11, 2), (12, 2), (13, 2), (14, 2), (15, 2), (16, 2)],
(7, 3):[(7, 4), (7, 5), (7, 6), (7, 7), (7, 8), (7, 9), (7, 10), (7, 11), (7, 12), (7, 13), (7, 14), (7, 15), (7, 16), (8, 1), (8, 2), (8, 3), (8, 4), (9, 3), (10, 3), (11, 3), (12, 3), (13, 3), (14, 3), (15, 3), (16, 3)],
(7, 4):[(7, 5), (7, 6), (7, 7), (7, 8), (7, 9), (7, 10), (7, 11), (7, 12), (7, 13), (7, 14), (7, 15), (7, 16), (8, 1), (8, 2), (8, 3), (8, 4), (9, 4), (10, 4), (11, 4), (12, 4), (13, 4), (14, 4), (15, 4), (16, 4)],
(7, 5):[(7, 6), (7, 7), (7, 8), (7, 9), (7, 10), (7, 11), (7, 12), (7, 13), (7, 14), (7, 15), (7, 16), (8, 5), (8, 6), (8, 7), (8, 8), (9, 5), (10, 5), (11, 5), (12, 5), (13, 5), (14, 5), (15, 5), (16, 5)],
(7, 6):[(7, 7), (7, 8), (7, 9), (7, 10), (7, 11), (7, 12), (7, 13), (7, 14), (7, 15), (7, 16), (8, 5), (8, 6), (8, 7), (8, 8), (9, 6), (10, 6), (11, 6), (12, 6), (13, 6), (14, 6), (15, 6), (16, 6)],
(7, 7):[(7, 8), (7, 9), (7, 10), (7, 11), (7, 12), (7, 13), (7, 14), (7, 15), (7, 16), (8, 5), (8, 6), (8, 7), (8, 8), (9, 7), (10, 7), (11, 7), (12, 7), (13, 7), (14, 7), (15, 7), (16, 7)],
(7, 8):[(7, 9), (7, 10), (7, 11), (7, 12), (7, 13), (7, 14), (7, 15), (7, 16), (8, 5), (8, 6), (8, 7), (8, 8), (9, 8), (10, 8), (11, 8), (12, 8), (13, 8), (14, 8), (15, 8), (16, 8)],
(7, 9):[(7, 10), (7, 11), (7, 12), (7, 13), (7, 14), (7, 15), (7, 16), (8, 9), (8, 10), (8, 11), (8, 12), (9, 9), (10, 9), (11, 9), (12, 9), (13, 9), (14, 9), (15, 9), (16, 9)],
(7, 10):[(7, 11), (7, 12), (7, 13), (7, 14), (7, 15), (7, 16), (8, 9), (8, 10), (8, 11), (8, 12), (9, 10), (10, 10), (11, 10), (12, 10), (13, 10), (14, 10), (15, 10), (16, 10)],
(7, 11):[(7, 12), (7, 13), (7, 14), (7, 15), (7, 16), (8, 9), (8, 10), (8, 11), (8, 12), (9, 11), (10, 11), (11, 11), (12, 11), (13, 11), (14, 11), (15, 11), (16, 11)],
(7, 12):[(7, 13), (7, 14), (7, 15), (7, 16), (8, 9), (8, 10), (8, 11), (8, 12), (9, 12), (10, 12), (11, 12), (12, 12), (13, 12), (14, 12), (15, 12), (16, 12)],
(7, 13):[(7, 14), (7, 15), (7, 16), (8, 13), (8, 14), (8, 15), (8, 16), (9, 13), (10, 13), (11, 13), (12, 13), (13, 13), (14, 13), (15, 13), (16, 13)],
(7, 14):[(7, 15), (7, 16), (8, 13), (8, 14), (8, 15), (8, 16), (9, 14), (10, 14), (11, 14), (12, 14), (13, 14), (14, 14), (15, 14), (16, 14)],
(7, 15):[(7, 16), (8, 13), (8, 14), (8, 15), (8, 16), (9, 15), (10, 15), (11, 15), (12, 15), (13, 15), (14, 15), (15, 15), (16, 15)],
(7, 16):[(8, 13), (8, 14), (8, 15), (8, 16), (9, 16), (10, 16), (11, 16), (12, 16), (13, 16), (14, 16), (15, 16), (16, 16)],
(8, 1):[(8, 2), (8, 3), (8, 4), (8, 5), (8, 6), (8, 7), (8, 8), (8, 9), (8, 10), (8, 11), (8, 12), (8, 13), (8, 14), (8, 15), (8, 16), (9, 1), (10, 1), (11, 1), (12, 1), (13, 1), (14, 1), (15, 1), (16, 1)],
(8, 2):[(8, 3), (8, 4), (8, 5), (8, 6), (8, 7), (8, 8), (8, 9), (8, 10), (8, 11), (8, 12), (8, 13), (8, 14), (8, 15), (8, 16), (9, 2), (10, 2), (11, 2), (12, 2), (13, 2), (14, 2), (15, 2), (16, 2)],
(8, 3):[(8, 4), (8, 5), (8, 6), (8, 7), (8, 8), (8, 9), (8, 10), (8, 11), (8, 12), (8, 13), (8, 14), (8, 15), (8, 16), (9, 3), (10, 3), (11, 3), (12, 3), (13, 3), (14, 3), (15, 3), (16, 3)],
(8, 4):[(8, 5), (8, 6), (8, 7), (8, 8), (8, 9), (8, 10), (8, 11), (8, 12), (8, 13), (8, 14), (8, 15), (8, 16), (9, 4), (10, 4), (11, 4), (12, 4), (13, 4), (14, 4), (15, 4), (16, 4)],
(8, 5):[(8, 6), (8, 7), (8, 8), (8, 9), (8, 10), (8, 11), (8, 12), (8, 13), (8, 14), (8, 15), (8, 16), (9, 5), (10, 5), (11, 5), (12, 5), (13, 5), (14, 5), (15, 5), (16, 5)],
(8, 6):[(8, 7), (8, 8), (8, 9), (8, 10), (8, 11), (8, 12), (8, 13), (8, 14), (8, 15), (8, 16), (9, 6), (10, 6), (11, 6), (12, 6), (13, 6), (14, 6), (15, 6), (16, 6)],
(8, 7):[(8, 8), (8, 9), (8, 10), (8, 11), (8, 12), (8, 13), (8, 14), (8, 15), (8, 16), (9, 7), (10, 7), (11, 7), (12, 7), (13, 7), (14, 7), (15, 7), (16, 7)],
(8, 8):[(8, 9), (8, 10), (8, 11), (8, 12), (8, 13), (8, 14), (8, 15), (8, 16), (9, 8), (10, 8), (11, 8), (12, 8), (13, 8), (14, 8), (15, 8), (16, 8)],
(8, 9):[(8, 10), (8, 11), (8, 12), (8, 13), (8, 14), (8, 15), (8, 16), (9, 9), (10, 9), (11, 9), (12, 9), (13, 9), (14, 9), (15, 9), (16, 9)],
(8, 10):[(8, 11), (8, 12), (8, 13), (8, 14), (8, 15), (8, 16), (9, 10), (10, 10), (11, 10), (12, 10), (13, 10), (14, 10), (15, 10), (16, 10)],
(8, 11):[(8, 12), (8, 13), (8, 14), (8, 15), (8, 16), (9, 11), (10, 11), (11, 11), (12, 11), (13, 11), (14, 11), (15, 11), (16, 11)],
(8, 12):[(8, 13), (8, 14), (8, 15), (8, 16), (9, 12), (10, 12), (11, 12), (12, 12), (13, 12), (14, 12), (15, 12), (16, 12)],
(8, 13):[(8, 14), (8, 15), (8, 16), (9, 13), (10, 13), (11, 13), (12, 13), (13, 13), (14, 13), (15, 13), (16, 13)],
(8, 14):[(8, 15), (8, 16), (9, 14), (10, 14), (11, 14), (12, 14), (13, 14), (14, 14), (15, 14), (16, 14)],
(8, 15):[(8, 16), (9, 15), (10, 15), (11, 15), (12, 15), (13, 15), (14, 15), (15, 15), (16, 15)],
(8, 16):[(9, 16), (10, 16), (11, 16), (12, 16), (13, 16), (14, 16), (15, 16), (16, 16)],
(9, 1):[(9, 2), (9, 3), (9, 4), (9, 5), (9, 6), (9, 7), (9, 8), (9, 9), (9, 10), (9, 11), (9, 12), (9, 13), (9, 14), (9, 15), (9, 16), (10, 1), (10, 2), (10, 3), (10, 4), (11, 1), (11, 2), (11, 3), (11, 4), (12, 1), (12, 2), (12, 3), (12, 4), (13, 1), (14, 1), (15, 1), (16, 1)],
(9, 2):[(9, 3), (9, 4), (9, 5), (9, 6), (9, 7), (9, 8), (9, 9), (9, 10), (9, 11), (9, 12), (9, 13), (9, 14), (9, 15), (9, 16), (10, 1), (10, 2), (10, 3), (10, 4), (11, 1), (11, 2), (11, 3), (11, 4), (12, 1), (12, 2), (12, 3), (12, 4), (13, 2), (14, 2), (15, 2), (16, 2)],
(9, 3):[(9, 4), (9, 5), (9, 6), (9, 7), (9, 8), (9, 9), (9, 10), (9, 11), (9, 12), (9, 13), (9, 14), (9, 15), (9, 16), (10, 1), (10, 2), (10, 3), (10, 4), (11, 1), (11, 2), (11, 3), (11, 4), (12, 1), (12, 2), (12, 3), (12, 4), (13, 3), (14, 3), (15, 3), (16, 3)],
(9, 4):[(9, 5), (9, 6), (9, 7), (9, 8), (9, 9), (9, 10), (9, 11), (9, 12), (9, 13), (9, 14), (9, 15), (9, 16), (10, 1), (10, 2), (10, 3), (10, 4), (11, 1), (11, 2), (11, 3), (11, 4), (12, 1), (12, 2), (12, 3), (12, 4), (13, 4), (14, 4), (15, 4), (16, 4)],
(9, 5):[(9, 6), (9, 7), (9, 8), (9, 9), (9, 10), (9, 11), (9, 12), (9, 13), (9, 14), (9, 15), (9, 16), (10, 5), (10, 6), (10, 7), (10, 8), (11, 5), (11, 6), (11, 7), (11, 8), (12, 5), (12, 6), (12, 7), (12, 8), (13, 5), (14, 5), (15, 5), (16, 5)],
(9, 6):[(9, 7), (9, 8), (9, 9), (9, 10), (9, 11), (9, 12), (9, 13), (9, 14), (9, 15), (9, 16), (10, 5), (10, 6), (10, 7), (10, 8), (11, 5), (11, 6), (11, 7), (11, 8), (12, 5), (12, 6), (12, 7), (12, 8), (13, 6), (14, 6), (15, 6), (16, 6)],
(9, 7):[(9, 8), (9, 9), (9, 10), (9, 11), (9, 12), (9, 13), (9, 14), (9, 15), (9, 16), (10, 5), (10, 6), (10, 7), (10, 8), (11, 5), (11, 6), (11, 7), (11, 8), (12, 5), (12, 6), (12, 7), (12, 8), (13, 7), (14, 7), (15, 7), (16, 7)],
(9, 8):[(9, 9), (9, 10), (9, 11), (9, 12), (9, 13), (9, 14), (9, 15), (9, 16), (10, 5), (10, 6), (10, 7), (10, 8), (11, 5), (11, 6), (11, 7), (11, 8), (12, 5), (12, 6), (12, 7), (12, 8), (13, 8), (14, 8), (15, 8), (16, 8)],
(9, 9):[(9, 10), (9, 11), (9, 12), (9, 13), (9, 14), (9, 15), (9, 16), (10, 9), (10, 10), (10, 11), (10, 12), (11, 9), (11, 10), (11, 11), (11, 12), (12, 9), (12, 10), (12, 11), (12, 12), (13, 9), (14, 9), (15, 9), (16, 9)],
(9, 10):[(9, 11), (9, 12), (9, 13), (9, 14), (9, 15), (9, 16), (10, 9), (10, 10), (10, 11), (10, 12), (11, 9), (11, 10), (11, 11), (11, 12), (12, 9), (12, 10), (12, 11), (12, 12), (13, 10), (14, 10), (15, 10), (16, 10)],
(9, 11):[(9, 12), (9, 13), (9, 14), (9, 15), (9, 16), (10, 9), (10, 10), (10, 11), (10, 12), (11, 9), (11, 10), (11, 11), (11, 12), (12, 9), (12, 10), (12, 11), (12, 12), (13, 11), (14, 11), (15, 11), (16, 11)],
(9, 12):[(9, 13), (9, 14), (9, 15), (9, 16), (10, 9), (10, 10), (10, 11), (10, 12), (11, 9), (11, 10), (11, 11), (11, 12), (12, 9), (12, 10), (12, 11), (12, 12), (13, 12), (14, 12), (15, 12), (16, 12)],
(9, 13):[(9, 14), (9, 15), (9, 16), (10, 13), (10, 14), (10, 15), (10, 16), (11, 13), (11, 14), (11, 15), (11, 16), (12, 13), (12, 14), (12, 15), (12, 16), (13, 13), (14, 13), (15, 13), (16, 13)],
(9, 14):[(9, 15), (9, 16), (10, 13), (10, 14), (10, 15), (10, 16), (11, 13), (11, 14), (11, 15), (11, 16), (12, 13), (12, 14), (12, 15), (12, 16), (13, 14), (14, 14), (15, 14), (16, 14)],
(9, 15):[(9, 16), (10, 13), (10, 14), (10, 15), (10, 16), (11, 13), (11, 14), (11, 15), (11, 16), (12, 13), (12, 14), (12, 15), (12, 16), (13, 15), (14, 15), (15, 15), (16, 15)],
(9, 16):[(10, 13), (10, 14), (10, 15), (10, 16), (11, 13), (11, 14), (11, 15), (11, 16), (12, 13), (12, 14), (12, 15), (12, 16), (13, 16), (14, 16), (15, 16), (16, 16)],
(10, 1):[(10, 2), (10, 3), (10, 4), (10, 5), (10, 6), (10, 7), (10, 8), (10, 9), (10, 10), (10, 11), (10, 12), (10, 13), (10, 14), (10, 15), (10, 16), (11, 1), (11, 2), (11, 3), (11, 4), (12, 1), (12, 2), (12, 3), (12, 4), (13, 1), (14, 1), (15, 1), (16, 1)],
(10, 2):[(10, 3), (10, 4), (10, 5), (10, 6), (10, 7), (10, 8), (10, 9), (10, 10), (10, 11), (10, 12), (10, 13), (10, 14), (10, 15), (10, 16), (11, 1), (11, 2), (11, 3), (11, 4), (12, 1), (12, 2), (12, 3), (12, 4), (13, 2), (14, 2), (15, 2), (16, 2)],
(10, 3):[(10, 4), (10, 5), (10, 6), (10, 7), (10, 8), (10, 9), (10, 10), (10, 11), (10, 12), (10, 13), (10, 14), (10, 15), (10, 16), (11, 1), (11, 2), (11, 3), (11, 4), (12, 1), (12, 2), (12, 3), (12, 4), (13, 3), (14, 3), (15, 3), (16, 3)],
(10, 4):[(10, 5), (10, 6), (10, 7), (10, 8), (10, 9), (10, 10), (10, 11), (10, 12), (10, 13), (10, 14), (10, 15), (10, 16), (11, 1), (11, 2), (11, 3), (11, 4), (12, 1), (12, 2), (12, 3), (12, 4), (13, 4), (14, 4), (15, 4), (16, 4)],
(10, 5):[(10, 6), (10, 7), (10, 8), (10, 9), (10, 10), (10, 11), (10, 12), (10, 13), (10, 14), (10, 15), (10, 16), (11, 5), (11, 6), (11, 7), (11, 8), (12, 5), (12, 6), (12, 7), (12, 8), (13, 5), (14, 5), (15, 5), (16, 5)],
(10, 6):[(10, 7), (10, 8), (10, 9), (10, 10), (10, 11), (10, 12), (10, 13), (10, 14), (10, 15), (10, 16), (11, 5), (11, 6), (11, 7), (11, 8), (12, 5), (12, 6), (12, 7), (12, 8), (13, 6), (14, 6), (15, 6), (16, 6)],
(10, 7):[(10, 8), (10, 9), (10, 10), (10, 11), (10, 12), (10, 13), (10, 14), (10, 15), (10, 16), (11, 5), (11, 6), (11, 7), (11, 8), (12, 5), (12, 6), (12, 7), (12, 8), (13, 7), (14, 7), (15, 7), (16, 7)],
(10, 8):[(10, 9), (10, 10), (10, 11), (10, 12), (10, 13), (10, 14), (10, 15), (10, 16), (11, 5), (11, 6), (11, 7), (11, 8), (12, 5), (12, 6), (12, 7), (12, 8), (13, 8), (14, 8), (15, 8), (16, 8)],
(10, 9):[(10, 10), (10, 11), (10, 12), (10, 13), (10, 14), (10, 15), (10, 16), (11, 9), (11, 10), (11, 11), (11, 12), (12, 9), (12, 10), (12, 11), (12, 12), (13, 9), (14, 9), (15, 9), (16, 9)],
(10, 10):[(10, 11), (10, 12), (10, 13), (10, 14), (10, 15), (10, 16), (11, 9), (11, 10), (11, 11), (11, 12), (12, 9), (12, 10), (12, 11), (12, 12), (13, 10), (14, 10), (15, 10), (16, 10)],
(10, 11):[(10, 12), (10, 13), (10, 14), (10, 15), (10, 16), (11, 9), (11, 10), (11, 11), (11, 12), (12, 9), (12, 10), (12, 11), (12, 12), (13, 11), (14, 11), (15, 11), (16, 11)],
(10, 12):[(10, 13), (10, 14), (10, 15), (10, 16), (11, 9), (11, 10), (11, 11), (11, 12), (12, 9), (12, 10), (12, 11), (12, 12), (13, 12), (14, 12), (15, 12), (16, 12)],
(10, 13):[(10, 14), (10, 15), (10, 16), (11, 13), (11, 14), (11, 15), (11, 16), (12, 13), (12, 14), (12, 15), (12, 16), (13, 13), (14, 13), (15, 13), (16, 13)],
(10, 14):[(10, 15), (10, 16), (11, 13), (11, 14), (11, 15), (11, 16), (12, 13), (12, 14), (12, 15), (12, 16), (13, 14), (14, 14), (15, 14), (16, 14)],
(10, 15):[(10, 16), (11, 13), (11, 14), (11, 15), (11, 16), (12, 13), (12, 14), (12, 15), (12, 16), (13, 15), (14, 15), (15, 15), (16, 15)],
(10, 16):[(11, 13), (11, 14), (11, 15), (11, 16), (12, 13), (12, 14), (12, 15), (12, 16), (13, 16), (14, 16), (15, 16), (16, 16)],
(11, 1):[(11, 2), (11, 3), (11, 4), (11, 5), (11, 6), (11, 7), (11, 8), (11, 9), (11, 10), (11, 11), (11, 12), (11, 13), (11, 14), (11, 15), (11, 16), (12, 1), (12, 2), (12, 3), (12, 4), (13, 1), (14, 1), (15, 1), (16, 1)],
(11, 2):[(11, 3), (11, 4), (11, 5), (11, 6), (11, 7), (11, 8), (11, 9), (11, 10), (11, 11), (11, 12), (11, 13), (11, 14), (11, 15), (11, 16), (12, 1), (12, 2), (12, 3), (12, 4), (13, 2), (14, 2), (15, 2), (16, 2)],
(11, 3):[(11, 4), (11, 5), (11, 6), (11, 7), (11, 8), (11, 9), (11, 10), (11, 11), (11, 12), (11, 13), (11, 14), (11, 15), (11, 16), (12, 1), (12, 2), (12, 3), (12, 4), (13, 3), (14, 3), (15, 3), (16, 3)],
(11, 4):[(11, 5), (11, 6), (11, 7), (11, 8), (11, 9), (11, 10), (11, 11), (11, 12), (11, 13), (11, 14), (11, 15), (11, 16), (12, 1), (12, 2), (12, 3), (12, 4), (13, 4), (14, 4), (15, 4), (16, 4)],
(11, 5):[(11, 6), (11, 7), (11, 8), (11, 9), (11, 10), (11, 11), (11, 12), (11, 13), (11, 14), (11, 15), (11, 16), (12, 5), (12, 6), (12, 7), (12, 8), (13, 5), (14, 5), (15, 5), (16, 5)],
(11, 6):[(11, 7), (11, 8), (11, 9), (11, 10), (11, 11), (11, 12), (11, 13), (11, 14), (11, 15), (11, 16), (12, 5), (12, 6), (12, 7), (12, 8), (13, 6), (14, 6), (15, 6), (16, 6)],
(11, 7):[(11, 8), (11, 9), (11, 10), (11, 11), (11, 12), (11, 13), (11, 14), (11, 15), (11, 16), (12, 5), (12, 6), (12, 7), (12, 8), (13, 7), (14, 7), (15, 7), (16, 7)],
(11, 8):[(11, 9), (11, 10), (11, 11), (11, 12), (11, 13), (11, 14), (11, 15), (11, 16), (12, 5), (12, 6), (12, 7), (12, 8), (13, 8), (14, 8), (15, 8), (16, 8)],
(11, 9):[(11, 10), (11, 11), (11, 12), (11, 13), (11, 14), (11, 15), (11, 16), (12, 9), (12, 10), (12, 11), (12, 12), (13, 9), (14, 9), (15, 9), (16, 9)],
(11, 10):[(11, 11), (11, 12), (11, 13), (11, 14), (11, 15), (11, 16), (12, 9), (12, 10), (12, 11), (12, 12), (13, 10), (14, 10), (15, 10), (16, 10)],
(11, 11):[(11, 12), (11, 13), (11, 14), (11, 15), (11, 16), (12, 9), (12, 10), (12, 11), (12, 12), (13, 11), (14, 11), (15, 11), (16, 11)],
(11, 12):[(11, 13), (11, 14), (11, 15), (11, 16), (12, 9), (12, 10), (12, 11), (12, 12), (13, 12), (14, 12), (15, 12), (16, 12)],
(11, 13):[(11, 14), (11, 15), (11, 16), (12, 13), (12, 14), (12, 15), (12, 16), (13, 13), (14, 13), (15, 13), (16, 13)],
(11, 14):[(11, 15), (11, 16), (12, 13), (12, 14), (12, 15), (12, 16), (13, 14), (14, 14), (15, 14), (16, 14)],
(11, 15):[(11, 16), (12, 13), (12, 14), (12, 15), (12, 16), (13, 15), (14, 15), (15, 15), (16, 15)],
(11, 16):[(12, 13), (12, 14), (12, 15), (12, 16), (13, 16), (14, 16), (15, 16), (16, 16)],
(12, 1):[(12, 2), (12, 3), (12, 4), (12, 5), (12, 6), (12, 7), (12, 8), (12, 9), (12, 10), (12, 11), (12, 12), (12, 13), (12, 14), (12, 15), (12, 16), (13, 1), (14, 1), (15, 1), (16, 1)],
(12, 2):[(12, 3), (12, 4), (12, 5), (12, 6), (12, 7), (12, 8), (12, 9), (12, 10), (12, 11), (12, 12), (12, 13), (12, 14), (12, 15), (12, 16), (13, 2), (14, 2), (15, 2), (16, 2)],
(12, 3):[(12, 4), (12, 5), (12, 6), (12, 7), (12, 8), (12, 9), (12, 10), (12, 11), (12, 12), (12, 13), (12, 14), (12, 15), (12, 16), (13, 3), (14, 3), (15, 3), (16, 3)],
(12, 4):[(12, 5), (12, 6), (12, 7), (12, 8), (12, 9), (12, 10), (12, 11), (12, 12), (12, 13), (12, 14), (12, 15), (12, 16), (13, 4), (14, 4), (15, 4), (16, 4)],
(12, 5):[(12, 6), (12, 7), (12, 8), (12, 9), (12, 10), (12, 11), (12, 12), (12, 13), (12, 14), (12, 15), (12, 16), (13, 5), (14, 5), (15, 5), (16, 5)],
(12, 6):[(12, 7), (12, 8), (12, 9), (12, 10), (12, 11), (12, 12), (12, 13), (12, 14), (12, 15), (12, 16), (13, 6), (14, 6), (15, 6), (16, 6)],
(12, 7):[(12, 8), (12, 9), (12, 10), (12, 11), (12, 12), (12, 13), (12, 14), (12, 15), (12, 16), (13, 7), (14, 7), (15, 7), (16, 7)],
(12, 8):[(12, 9), (12, 10), (12, 11), (12, 12), (12, 13), (12, 14), (12, 15), (12, 16), (13, 8), (14, 8), (15, 8), (16, 8)],
(12, 9):[(12, 10), (12, 11), (12, 12), (12, 13), (12, 14), (12, 15), (12, 16), (13, 9), (14, 9), (15, 9), (16, 9)],
(12, 10):[(12, 11), (12, 12), (12, 13), (12, 14), (12, 15), (12, 16), (13, 10), (14, 10), (15, 10), (16, 10)],
(12, 11):[(12, 12), (12, 13), (12, 14), (12, 15), (12, 16), (13, 11), (14, 11), (15, 11), (16, 11)],
(12, 12):[(12, 13), (12, 14), (12, 15), (12, 16), (13, 12), (14, 12), (15, 12), (16, 12)],
(12, 13):[(12, 14), (12, 15), (12, 16), (13, 13), (14, 13), (15, 13), (16, 13)],
(12, 14):[(12, 15), (12, 16), (13, 14), (14, 14), (15, 14), (16, 14)],
(12, 15):[(12, 16), (13, 15), (14, 15), (15, 15), (16, 15)],
(12, 16):[(13, 16), (14, 16), (15, 16), (16, 16)],
(13, 1):[(13, 2), (13, 3), (13, 4), (13, 5), (13, 6), (13, 7), (13, 8), (13, 9), (13, 10), (13, 11), (13, 12), (13, 13), (13, 14), (13, 15), (13, 16), (14, 1), (14, 2), (14, 3), (14, 4), (15, 1), (15, 2), (15, 3), (15, 4), (16, 1), (16, 2), (16, 3), (16, 4)],
(13, 2):[(13, 3), (13, 4), (13, 5), (13, 6), (13, 7), (13, 8), (13, 9), (13, 10), (13, 11), (13, 12), (13, 13), (13, 14), (13, 15), (13, 16), (14, 1), (14, 2), (14, 3), (14, 4), (15, 1), (15, 2), (15, 3), (15, 4), (16, 1), (16, 2), (16, 3), (16, 4)],
(13, 3):[(13, 4), (13, 5), (13, 6), (13, 7), (13, 8), (13, 9), (13, 10), (13, 11), (13, 12), (13, 13), (13, 14), (13, 15), (13, 16), (14, 1), (14, 2), (14, 3), (14, 4), (15, 1), (15, 2), (15, 3), (15, 4), (16, 1), (16, 2), (16, 3), (16, 4)],
(13, 4):[(13, 5), (13, 6), (13, 7), (13, 8), (13, 9), (13, 10), (13, 11), (13, 12), (13, 13), (13, 14), (13, 15), (13, 16), (14, 1), (14, 2), (14, 3), (14, 4), (15, 1), (15, 2), (15, 3), (15, 4), (16, 1), (16, 2), (16, 3), (16, 4)],
(13, 5):[(13, 6), (13, 7), (13, 8), (13, 9), (13, 10), (13, 11), (13, 12), (13, 13), (13, 14), (13, 15), (13, 16), (14, 5), (14, 6), (14, 7), (14, 8), (15, 5), (15, 6), (15, 7), (15, 8), (16, 5), (16, 6), (16, 7), (16, 8)],
(13, 6):[(13, 7), (13, 8), (13, 9), (13, 10), (13, 11), (13, 12), (13, 13), (13, 14), (13, 15), (13, 16), (14, 5), (14, 6), (14, 7), (14, 8), (15, 5), (15, 6), (15, 7), (15, 8), (16, 5), (16, 6), (16, 7), (16, 8)],
(13, 7):[(13, 8), (13, 9), (13, 10), (13, 11), (13, 12), (13, 13), (13, 14), (13, 15), (13, 16), (14, 5), (14, 6), (14, 7), (14, 8), (15, 5), (15, 6), (15, 7), (15, 8), (16, 5), (16, 6), (16, 7), (16, 8)],
(13, 8):[(13, 9), (13, 10), (13, 11), (13, 12), (13, 13), (13, 14), (13, 15), (13, 16), (14, 5), (14, 6), (14, 7), (14, 8), (15, 5), (15, 6), (15, 7), (15, 8), (16, 5), (16, 6), (16, 7), (16, 8)],
(13, 9):[(13, 10), (13, 11), (13, 12), (13, 13), (13, 14), (13, 15), (13, 16), (14, 9), (14, 10), (14, 11), (14, 12), (15, 9), (15, 10), (15, 11), (15, 12), (16, 9), (16, 10), (16, 11), (16, 12)],
(13, 10):[(13, 11), (13, 12), (13, 13), (13, 14), (13, 15), (13, 16), (14, 9), (14, 10), (14, 11), (14, 12), (15, 9), (15, 10), (15, 11), (15, 12), (16, 9), (16, 10), (16, 11), (16, 12)],
(13, 11):[(13, 12), (13, 13), (13, 14), (13, 15), (13, 16), (14, 9), (14, 10), (14, 11), (14, 12), (15, 9), (15, 10), (15, 11), (15, 12), (16, 9), (16, 10), (16, 11), (16, 12)],
(13, 12):[(13, 13), (13, 14), (13, 15), (13, 16), (14, 9), (14, 10), (14, 11), (14, 12), (15, 9), (15, 10), (15, 11), (15, 12), (16, 9), (16, 10), (16, 11), (16, 12)],
(13, 13):[(13, 14), (13, 15), (13, 16), (14, 13), (14, 14), (14, 15), (14, 16), (15, 13), (15, 14), (15, 15), (15, 16), (16, 13), (16, 14), (16, 15), (16, 16)],
(13, 14):[(13, 15), (13, 16), (14, 13), (14, 14), (14, 15), (14, 16), (15, 13), (15, 14), (15, 15), (15, 16), (16, 13), (16, 14), (16, 15), (16, 16)],
(13, 15):[(13, 16), (14, 13), (14, 14), (14, 15), (14, 16), (15, 13), (15, 14), (15, 15), (15, 16), (16, 13), (16, 14), (16, 15), (16, 16)],
(13, 16):[(14, 13), (14, 14), (14, 15), (14, 16), (15, 13), (15, 14), (15, 15), (15, 16), (16, 13), (16, 14), (16, 15), (16, 16)],
(14, 1):[(14, 2), (14, 3), (14, 4), (14, 5), (14, 6), (14, 7), (14, 8), (14, 9), (14, 10), (14, 11), (14, 12), (14, 13), (14, 14), (14, 15), (14, 16), (15, 1), (15, 2), (15, 3), (15, 4), (16, 1), (16, 2), (16, 3), (16, 4)],
(14, 2):[(14, 3), (14, 4), (14, 5), (14, 6), (14, 7), (14, 8), (14, 9), (14, 10), (14, 11), (14, 12), (14, 13), (14, 14), (14, 15), (14, 16), (15, 1), (15, 2), (15, 3), (15, 4), (16, 1), (16, 2), (16, 3), (16, 4)],
(14, 3):[(14, 4), (14, 5), (14, 6), (14, 7), (14, 8), (14, 9), (14, 10), (14, 11), (14, 12), (14, 13), (14, 14), (14, 15), (14, 16), (15, 1), (15, 2), (15, 3), (15, 4), (16, 1), (16, 2), (16, 3), (16, 4)],
(14, 4):[(14, 5), (14, 6), (14, 7), (14, 8), (14, 9), (14, 10), (14, 11), (14, 12), (14, 13), (14, 14), (14, 15), (14, 16), (15, 1), (15, 2), (15, 3), (15, 4), (16, 1), (16, 2), (16, 3), (16, 4)],
(14, 5):[(14, 6), (14, 7), (14, 8), (14, 9), (14, 10), (14, 11), (14, 12), (14, 13), (14, 14), (14, 15), (14, 16), (15, 5), (15, 6), (15, 7), (15, 8), (16, 5), (16, 6), (16, 7), (16, 8)],
(14, 6):[(14, 7), (14, 8), (14, 9), (14, 10), (14, 11), (14, 12), (14, 13), (14, 14), (14, 15), (14, 16), (15, 5), (15, 6), (15, 7), (15, 8), (16, 5), (16, 6), (16, 7), (16, 8)],
(14, 7):[(14, 8), (14, 9), (14, 10), (14, 11), (14, 12), (14, 13), (14, 14), (14, 15), (14, 16), (15, 5), (15, 6), (15, 7), (15, 8), (16, 5), (16, 6), (16, 7), (16, 8)],
(14, 8):[(14, 9), (14, 10), (14, 11), (14, 12), (14, 13), (14, 14), (14, 15), (14, 16), (15, 5), (15, 6), (15, 7), (15, 8), (16, 5), (16, 6), (16, 7), (16, 8)],
(14, 9):[(14, 10), (14, 11), (14, 12), (14, 13), (14, 14), (14, 15), (14, 16), (15, 9), (15, 10), (15, 11), (15, 12), (16, 9), (16, 10), (16, 11), (16, 12)],
(14, 10):[(14, 11), (14, 12), (14, 13), (14, 14), (14, 15), (14, 16), (15, 9), (15, 10), (15, 11), (15, 12), (16, 9), (16, 10), (16, 11), (16, 12)],
(14, 11):[(14, 12), (14, 13), (14, 14), (14, 15), (14, 16), (15, 9), (15, 10), (15, 11), (15, 12), (16, 9), (16, 10), (16, 11), (16, 12)],
(14, 12):[(14, 13), (14, 14), (14, 15), (14, 16), (15, 9), (15, 10), (15, 11), (15, 12), (16, 9), (16, 10), (16, 11), (16, 12)],
(14, 13):[(14, 14), (14, 15), (14, 16), (15, 13), (15, 14), (15, 15), (15, 16), (16, 13), (16, 14), (16, 15), (16, 16)],
(14, 14):[(14, 15), (14, 16), (15, 13), (15, 14), (15, 15), (15, 16), (16, 13), (16, 14), (16, 15), (16, 16)],
(14, 15):[(14, 16), (15, 13), (15, 14), (15, 15), (15, 16), (16, 13), (16, 14), (16, 15), (16, 16)],
(14, 16):[(15, 13), (15, 14), (15, 15), (15, 16), (16, 13), (16, 14), (16, 15), (16, 16)],
(15, 1):[(15, 2), (15, 3), (15, 4), (15, 5), (15, 6), (15, 7), (15, 8), (15, 9), (15, 10), (15, 11), (15, 12), (15, 13), (15, 14), (15, 15), (15, 16), (16, 1), (16, 2), (16, 3), (16, 4)],
(15, 2):[(15, 3), (15, 4), (15, 5), (15, 6), (15, 7), (15, 8), (15, 9), (15, 10), (15, 11), (15, 12), (15, 13), (15, 14), (15, 15), (15, 16), (16, 1), (16, 2), (16, 3), (16, 4)],
(15, 3):[(15, 4), (15, 5), (15, 6), (15, 7), (15, 8), (15, 9), (15, 10), (15, 11), (15, 12), (15, 13), (15, 14), (15, 15), (15, 16), (16, 1), (16, 2), (16, 3), (16, 4)],
(15, 4):[(15, 5), (15, 6), (15, 7), (15, 8), (15, 9), (15, 10), (15, 11), (15, 12), (15, 13), (15, 14), (15, 15), (15, 16), (16, 1), (16, 2), (16, 3), (16, 4)],
(15, 5):[(15, 6), (15, 7), (15, 8), (15, 9), (15, 10), (15, 11), (15, 12), (15, 13), (15, 14), (15, 15), (15, 16), (16, 5), (16, 6), (16, 7), (16, 8)],
(15, 6):[(15, 7), (15, 8), (15, 9), (15, 10), (15, 11), (15, 12), (15, 13), (15, 14), (15, 15), (15, 16), (16, 5), (16, 6), (16, 7), (16, 8)],
(15, 7):[(15, 8), (15, 9), (15, 10), (15, 11), (15, 12), (15, 13), (15, 14), (15, 15), (15, 16), (16, 5), (16, 6), (16, 7), (16, 8)],
(15, 8):[(15, 9), (15, 10), (15, 11), (15, 12), (15, 13), (15, 14), (15, 15), (15, 16), (16, 5), (16, 6), (16, 7), (16, 8)],
(15, 9):[(15, 10), (15, 11), (15, 12), (15, 13), (15, 14), (15, 15), (15, 16), (16, 9), (16, 10), (16, 11), (16, 12)],
(15, 10):[(15, 11), (15, 12), (15, 13), (15, 14), (15, 15), (15, 16), (16, 9), (16, 10), (16, 11), (16, 12)],
(15, 11):[(15, 12), (15, 13), (15, 14), (15, 15), (15, 16), (16, 9), (16, 10), (16, 11), (16, 12)],
(15, 12):[(15, 13), (15, 14), (15, 15), (15, 16), (16, 9), (16, 10), (16, 11), (16, 12)],
(15, 13):[(15, 14), (15, 15), (15, 16), (16, 13), (16, 14), (16, 15), (16, 16)],
(15, 14):[(15, 15), (15, 16), (16, 13), (16, 14), (16, 15), (16, 16)],
(15, 15):[(15, 16), (16, 13), (16, 14), (16, 15), (16, 16)],
(15, 16):[(16, 13), (16, 14), (16, 15), (16, 16)],
(16, 1):[(16, 2), (16, 3), (16, 4), (16, 5), (16, 6), (16, 7), (16, 8), (16, 9), (16, 10), (16, 11), (16, 12), (16, 13), (16, 14), (16, 15), (16, 16)],
(16, 2):[(16, 3), (16, 4), (16, 5), (16, 6), (16, 7), (16, 8), (16, 9), (16, 10), (16, 11), (16, 12), (16, 13), (16, 14), (16, 15), (16, 16)],
(16, 3):[(16, 4), (16, 5), (16, 6), (16, 7), (16, 8), (16, 9), (16, 10), (16, 11), (16, 12), (16, 13), (16, 14), (16, 15), (16, 16)],
(16, 4):[(16, 5), (16, 6), (16, 7), (16, 8), (16, 9), (16, 10), (16, 11), (16, 12), (16, 13), (16, 14), (16, 15), (16, 16)],
(16, 5):[(16, 6), (16, 7), (16, 8), (16, 9), (16, 10), (16, 11), (16, 12), (16, 13), (16, 14), (16, 15), (16, 16)],
(16, 6):[(16, 7), (16, 8), (16, 9), (16, 10), (16, 11), (16, 12), (16, 13), (16, 14), (16, 15), (16, 16)],
(16, 7):[(16, 8), (16, 9), (16, 10), (16, 11), (16, 12), (16, 13), (16, 14), (16, 15), (16, 16)],
(16, 8):[(16, 9), (16, 10), (16, 11), (16, 12), (16, 13), (16, 14), (16, 15), (16, 16)],
(16, 9):[(16, 10), (16, 11), (16, 12), (16, 13), (16, 14), (16, 15), (16, 16)],
(16, 10):[(16, 11), (16, 12), (16, 13), (16, 14), (16, 15), (16, 16)],
(16, 11):[(16, 12), (16, 13), (16, 14), (16, 15), (16, 16)],
(16, 12):[(16, 13), (16, 14), (16, 15), (16, 16)],
(16, 13):[(16, 14), (16, 15), (16, 16)],
(16, 14):[(16, 15), (16, 16)],
(16, 15):[(16, 16)],
})

####

# This section is to generate the adjacencies for S4, outputted in a file named “s4adj.txt”. 
# Our vertex names (and adjacencies) are based on labeling the sudoku board; 
# the top row is filled in, left to right, with 1, 2, …, n^2, in order. 
# The next row receives n^2+1, n^2+2, …, 2n^2; the bottom right cell of the board receives n^4.

o=open('./s4adj.txt','w')
o.write(str('S4=Graph({'))
o.write(str('\n'))
n = 4
i = range(1, n^2 + 1)
V = list(cartesian_product([i,i]))
for k in range(len(V) - 1):
        u = list(V[k])
        X = []
        for m in range(k + 1, len(V)):
                v = list(V[m])
                if u[0] == v[0] or u[1] == v[1] or ceil(u[0]/n) == ceil(v[0]/n) and ceil(u[1]/n) == ceil(v[1]/n):
                        X.append((v[0] - 1)*n^2 + v[1])
        f = (u[0] - 1)*n^2 + u[1]
        o.write(str(f))
        o.write(str(':'))
        o.write(str(X))
        o.write(str(',\n'))
o.write(str('})'))
o.close

# Open the file “s4adj.txt”
# Copy and past the contents of this file to your working S4 file. We have done so below:
#####

S4=Graph({
1:[2, 3, 4, 5, 6, 7, 8, 9, 10, 11, 12, 13, 14, 15, 16, 17, 18, 19, 20, 33, 34, 35, 36, 49, 50, 51, 52, 65, 81, 97, 113, 129, 145, 161, 177, 193, 209, 225, 241],
2:[3, 4, 5, 6, 7, 8, 9, 10, 11, 12, 13, 14, 15, 16, 17, 18, 19, 20, 33, 34, 35, 36, 49, 50, 51, 52, 66, 82, 98, 114, 130, 146, 162, 178, 194, 210, 226, 242],
3:[4, 5, 6, 7, 8, 9, 10, 11, 12, 13, 14, 15, 16, 17, 18, 19, 20, 33, 34, 35, 36, 49, 50, 51, 52, 67, 83, 99, 115, 131, 147, 163, 179, 195, 211, 227, 243],
4:[5, 6, 7, 8, 9, 10, 11, 12, 13, 14, 15, 16, 17, 18, 19, 20, 33, 34, 35, 36, 49, 50, 51, 52, 68, 84, 100, 116, 132, 148, 164, 180, 196, 212, 228, 244],
5:[6, 7, 8, 9, 10, 11, 12, 13, 14, 15, 16, 21, 22, 23, 24, 37, 38, 39, 40, 53, 54, 55, 56, 69, 85, 101, 117, 133, 149, 165, 181, 197, 213, 229, 245],
6:[7, 8, 9, 10, 11, 12, 13, 14, 15, 16, 21, 22, 23, 24, 37, 38, 39, 40, 53, 54, 55, 56, 70, 86, 102, 118, 134, 150, 166, 182, 198, 214, 230, 246],
7:[8, 9, 10, 11, 12, 13, 14, 15, 16, 21, 22, 23, 24, 37, 38, 39, 40, 53, 54, 55, 56, 71, 87, 103, 119, 135, 151, 167, 183, 199, 215, 231, 247],
8:[9, 10, 11, 12, 13, 14, 15, 16, 21, 22, 23, 24, 37, 38, 39, 40, 53, 54, 55, 56, 72, 88, 104, 120, 136, 152, 168, 184, 200, 216, 232, 248],
9:[10, 11, 12, 13, 14, 15, 16, 25, 26, 27, 28, 41, 42, 43, 44, 57, 58, 59, 60, 73, 89, 105, 121, 137, 153, 169, 185, 201, 217, 233, 249],
10:[11, 12, 13, 14, 15, 16, 25, 26, 27, 28, 41, 42, 43, 44, 57, 58, 59, 60, 74, 90, 106, 122, 138, 154, 170, 186, 202, 218, 234, 250],
11:[12, 13, 14, 15, 16, 25, 26, 27, 28, 41, 42, 43, 44, 57, 58, 59, 60, 75, 91, 107, 123, 139, 155, 171, 187, 203, 219, 235, 251],
12:[13, 14, 15, 16, 25, 26, 27, 28, 41, 42, 43, 44, 57, 58, 59, 60, 76, 92, 108, 124, 140, 156, 172, 188, 204, 220, 236, 252],
13:[14, 15, 16, 29, 30, 31, 32, 45, 46, 47, 48, 61, 62, 63, 64, 77, 93, 109, 125, 141, 157, 173, 189, 205, 221, 237, 253],
14:[15, 16, 29, 30, 31, 32, 45, 46, 47, 48, 61, 62, 63, 64, 78, 94, 110, 126, 142, 158, 174, 190, 206, 222, 238, 254],
15:[16, 29, 30, 31, 32, 45, 46, 47, 48, 61, 62, 63, 64, 79, 95, 111, 127, 143, 159, 175, 191, 207, 223, 239, 255],
16:[29, 30, 31, 32, 45, 46, 47, 48, 61, 62, 63, 64, 80, 96, 112, 128, 144, 160, 176, 192, 208, 224, 240, 256],
17:[18, 19, 20, 21, 22, 23, 24, 25, 26, 27, 28, 29, 30, 31, 32, 33, 34, 35, 36, 49, 50, 51, 52, 65, 81, 97, 113, 129, 145, 161, 177, 193, 209, 225, 241],
18:[19, 20, 21, 22, 23, 24, 25, 26, 27, 28, 29, 30, 31, 32, 33, 34, 35, 36, 49, 50, 51, 52, 66, 82, 98, 114, 130, 146, 162, 178, 194, 210, 226, 242],
19:[20, 21, 22, 23, 24, 25, 26, 27, 28, 29, 30, 31, 32, 33, 34, 35, 36, 49, 50, 51, 52, 67, 83, 99, 115, 131, 147, 163, 179, 195, 211, 227, 243],
20:[21, 22, 23, 24, 25, 26, 27, 28, 29, 30, 31, 32, 33, 34, 35, 36, 49, 50, 51, 52, 68, 84, 100, 116, 132, 148, 164, 180, 196, 212, 228, 244],
21:[22, 23, 24, 25, 26, 27, 28, 29, 30, 31, 32, 37, 38, 39, 40, 53, 54, 55, 56, 69, 85, 101, 117, 133, 149, 165, 181, 197, 213, 229, 245],
22:[23, 24, 25, 26, 27, 28, 29, 30, 31, 32, 37, 38, 39, 40, 53, 54, 55, 56, 70, 86, 102, 118, 134, 150, 166, 182, 198, 214, 230, 246],
23:[24, 25, 26, 27, 28, 29, 30, 31, 32, 37, 38, 39, 40, 53, 54, 55, 56, 71, 87, 103, 119, 135, 151, 167, 183, 199, 215, 231, 247],
24:[25, 26, 27, 28, 29, 30, 31, 32, 37, 38, 39, 40, 53, 54, 55, 56, 72, 88, 104, 120, 136, 152, 168, 184, 200, 216, 232, 248],
25:[26, 27, 28, 29, 30, 31, 32, 41, 42, 43, 44, 57, 58, 59, 60, 73, 89, 105, 121, 137, 153, 169, 185, 201, 217, 233, 249],
26:[27, 28, 29, 30, 31, 32, 41, 42, 43, 44, 57, 58, 59, 60, 74, 90, 106, 122, 138, 154, 170, 186, 202, 218, 234, 250],
27:[28, 29, 30, 31, 32, 41, 42, 43, 44, 57, 58, 59, 60, 75, 91, 107, 123, 139, 155, 171, 187, 203, 219, 235, 251],
28:[29, 30, 31, 32, 41, 42, 43, 44, 57, 58, 59, 60, 76, 92, 108, 124, 140, 156, 172, 188, 204, 220, 236, 252],
29:[30, 31, 32, 45, 46, 47, 48, 61, 62, 63, 64, 77, 93, 109, 125, 141, 157, 173, 189, 205, 221, 237, 253],
30:[31, 32, 45, 46, 47, 48, 61, 62, 63, 64, 78, 94, 110, 126, 142, 158, 174, 190, 206, 222, 238, 254],
31:[32, 45, 46, 47, 48, 61, 62, 63, 64, 79, 95, 111, 127, 143, 159, 175, 191, 207, 223, 239, 255],
32:[45, 46, 47, 48, 61, 62, 63, 64, 80, 96, 112, 128, 144, 160, 176, 192, 208, 224, 240, 256],
33:[34, 35, 36, 37, 38, 39, 40, 41, 42, 43, 44, 45, 46, 47, 48, 49, 50, 51, 52, 65, 81, 97, 113, 129, 145, 161, 177, 193, 209, 225, 241],
34:[35, 36, 37, 38, 39, 40, 41, 42, 43, 44, 45, 46, 47, 48, 49, 50, 51, 52, 66, 82, 98, 114, 130, 146, 162, 178, 194, 210, 226, 242],
35:[36, 37, 38, 39, 40, 41, 42, 43, 44, 45, 46, 47, 48, 49, 50, 51, 52, 67, 83, 99, 115, 131, 147, 163, 179, 195, 211, 227, 243],
36:[37, 38, 39, 40, 41, 42, 43, 44, 45, 46, 47, 48, 49, 50, 51, 52, 68, 84, 100, 116, 132, 148, 164, 180, 196, 212, 228, 244],
37:[38, 39, 40, 41, 42, 43, 44, 45, 46, 47, 48, 53, 54, 55, 56, 69, 85, 101, 117, 133, 149, 165, 181, 197, 213, 229, 245],
38:[39, 40, 41, 42, 43, 44, 45, 46, 47, 48, 53, 54, 55, 56, 70, 86, 102, 118, 134, 150, 166, 182, 198, 214, 230, 246],
39:[40, 41, 42, 43, 44, 45, 46, 47, 48, 53, 54, 55, 56, 71, 87, 103, 119, 135, 151, 167, 183, 199, 215, 231, 247],
40:[41, 42, 43, 44, 45, 46, 47, 48, 53, 54, 55, 56, 72, 88, 104, 120, 136, 152, 168, 184, 200, 216, 232, 248],
41:[42, 43, 44, 45, 46, 47, 48, 57, 58, 59, 60, 73, 89, 105, 121, 137, 153, 169, 185, 201, 217, 233, 249],
42:[43, 44, 45, 46, 47, 48, 57, 58, 59, 60, 74, 90, 106, 122, 138, 154, 170, 186, 202, 218, 234, 250],
43:[44, 45, 46, 47, 48, 57, 58, 59, 60, 75, 91, 107, 123, 139, 155, 171, 187, 203, 219, 235, 251],
44:[45, 46, 47, 48, 57, 58, 59, 60, 76, 92, 108, 124, 140, 156, 172, 188, 204, 220, 236, 252],
45:[46, 47, 48, 61, 62, 63, 64, 77, 93, 109, 125, 141, 157, 173, 189, 205, 221, 237, 253],
46:[47, 48, 61, 62, 63, 64, 78, 94, 110, 126, 142, 158, 174, 190, 206, 222, 238, 254],
47:[48, 61, 62, 63, 64, 79, 95, 111, 127, 143, 159, 175, 191, 207, 223, 239, 255],
48:[61, 62, 63, 64, 80, 96, 112, 128, 144, 160, 176, 192, 208, 224, 240, 256],
49:[50, 51, 52, 53, 54, 55, 56, 57, 58, 59, 60, 61, 62, 63, 64, 65, 81, 97, 113, 129, 145, 161, 177, 193, 209, 225, 241],
50:[51, 52, 53, 54, 55, 56, 57, 58, 59, 60, 61, 62, 63, 64, 66, 82, 98, 114, 130, 146, 162, 178, 194, 210, 226, 242],
51:[52, 53, 54, 55, 56, 57, 58, 59, 60, 61, 62, 63, 64, 67, 83, 99, 115, 131, 147, 163, 179, 195, 211, 227, 243],
52:[53, 54, 55, 56, 57, 58, 59, 60, 61, 62, 63, 64, 68, 84, 100, 116, 132, 148, 164, 180, 196, 212, 228, 244],
53:[54, 55, 56, 57, 58, 59, 60, 61, 62, 63, 64, 69, 85, 101, 117, 133, 149, 165, 181, 197, 213, 229, 245],
54:[55, 56, 57, 58, 59, 60, 61, 62, 63, 64, 70, 86, 102, 118, 134, 150, 166, 182, 198, 214, 230, 246],
55:[56, 57, 58, 59, 60, 61, 62, 63, 64, 71, 87, 103, 119, 135, 151, 167, 183, 199, 215, 231, 247],
56:[57, 58, 59, 60, 61, 62, 63, 64, 72, 88, 104, 120, 136, 152, 168, 184, 200, 216, 232, 248],
57:[58, 59, 60, 61, 62, 63, 64, 73, 89, 105, 121, 137, 153, 169, 185, 201, 217, 233, 249],
58:[59, 60, 61, 62, 63, 64, 74, 90, 106, 122, 138, 154, 170, 186, 202, 218, 234, 250],
59:[60, 61, 62, 63, 64, 75, 91, 107, 123, 139, 155, 171, 187, 203, 219, 235, 251],
60:[61, 62, 63, 64, 76, 92, 108, 124, 140, 156, 172, 188, 204, 220, 236, 252],
61:[62, 63, 64, 77, 93, 109, 125, 141, 157, 173, 189, 205, 221, 237, 253],
62:[63, 64, 78, 94, 110, 126, 142, 158, 174, 190, 206, 222, 238, 254],
63:[64, 79, 95, 111, 127, 143, 159, 175, 191, 207, 223, 239, 255],
64:[80, 96, 112, 128, 144, 160, 176, 192, 208, 224, 240, 256],
65:[66, 67, 68, 69, 70, 71, 72, 73, 74, 75, 76, 77, 78, 79, 80, 81, 82, 83, 84, 97, 98, 99, 100, 113, 114, 115, 116, 129, 145, 161, 177, 193, 209, 225, 241],
66:[67, 68, 69, 70, 71, 72, 73, 74, 75, 76, 77, 78, 79, 80, 81, 82, 83, 84, 97, 98, 99, 100, 113, 114, 115, 116, 130, 146, 162, 178, 194, 210, 226, 242],
67:[68, 69, 70, 71, 72, 73, 74, 75, 76, 77, 78, 79, 80, 81, 82, 83, 84, 97, 98, 99, 100, 113, 114, 115, 116, 131, 147, 163, 179, 195, 211, 227, 243],
68:[69, 70, 71, 72, 73, 74, 75, 76, 77, 78, 79, 80, 81, 82, 83, 84, 97, 98, 99, 100, 113, 114, 115, 116, 132, 148, 164, 180, 196, 212, 228, 244],
69:[70, 71, 72, 73, 74, 75, 76, 77, 78, 79, 80, 85, 86, 87, 88, 101, 102, 103, 104, 117, 118, 119, 120, 133, 149, 165, 181, 197, 213, 229, 245],
70:[71, 72, 73, 74, 75, 76, 77, 78, 79, 80, 85, 86, 87, 88, 101, 102, 103, 104, 117, 118, 119, 120, 134, 150, 166, 182, 198, 214, 230, 246],
71:[72, 73, 74, 75, 76, 77, 78, 79, 80, 85, 86, 87, 88, 101, 102, 103, 104, 117, 118, 119, 120, 135, 151, 167, 183, 199, 215, 231, 247],
72:[73, 74, 75, 76, 77, 78, 79, 80, 85, 86, 87, 88, 101, 102, 103, 104, 117, 118, 119, 120, 136, 152, 168, 184, 200, 216, 232, 248],
73:[74, 75, 76, 77, 78, 79, 80, 89, 90, 91, 92, 105, 106, 107, 108, 121, 122, 123, 124, 137, 153, 169, 185, 201, 217, 233, 249],
74:[75, 76, 77, 78, 79, 80, 89, 90, 91, 92, 105, 106, 107, 108, 121, 122, 123, 124, 138, 154, 170, 186, 202, 218, 234, 250],
75:[76, 77, 78, 79, 80, 89, 90, 91, 92, 105, 106, 107, 108, 121, 122, 123, 124, 139, 155, 171, 187, 203, 219, 235, 251],
76:[77, 78, 79, 80, 89, 90, 91, 92, 105, 106, 107, 108, 121, 122, 123, 124, 140, 156, 172, 188, 204, 220, 236, 252],
77:[78, 79, 80, 93, 94, 95, 96, 109, 110, 111, 112, 125, 126, 127, 128, 141, 157, 173, 189, 205, 221, 237, 253],
78:[79, 80, 93, 94, 95, 96, 109, 110, 111, 112, 125, 126, 127, 128, 142, 158, 174, 190, 206, 222, 238, 254],
79:[80, 93, 94, 95, 96, 109, 110, 111, 112, 125, 126, 127, 128, 143, 159, 175, 191, 207, 223, 239, 255],
80:[93, 94, 95, 96, 109, 110, 111, 112, 125, 126, 127, 128, 144, 160, 176, 192, 208, 224, 240, 256],
81:[82, 83, 84, 85, 86, 87, 88, 89, 90, 91, 92, 93, 94, 95, 96, 97, 98, 99, 100, 113, 114, 115, 116, 129, 145, 161, 177, 193, 209, 225, 241],
82:[83, 84, 85, 86, 87, 88, 89, 90, 91, 92, 93, 94, 95, 96, 97, 98, 99, 100, 113, 114, 115, 116, 130, 146, 162, 178, 194, 210, 226, 242],
83:[84, 85, 86, 87, 88, 89, 90, 91, 92, 93, 94, 95, 96, 97, 98, 99, 100, 113, 114, 115, 116, 131, 147, 163, 179, 195, 211, 227, 243],
84:[85, 86, 87, 88, 89, 90, 91, 92, 93, 94, 95, 96, 97, 98, 99, 100, 113, 114, 115, 116, 132, 148, 164, 180, 196, 212, 228, 244],
85:[86, 87, 88, 89, 90, 91, 92, 93, 94, 95, 96, 101, 102, 103, 104, 117, 118, 119, 120, 133, 149, 165, 181, 197, 213, 229, 245],
86:[87, 88, 89, 90, 91, 92, 93, 94, 95, 96, 101, 102, 103, 104, 117, 118, 119, 120, 134, 150, 166, 182, 198, 214, 230, 246],
87:[88, 89, 90, 91, 92, 93, 94, 95, 96, 101, 102, 103, 104, 117, 118, 119, 120, 135, 151, 167, 183, 199, 215, 231, 247],
88:[89, 90, 91, 92, 93, 94, 95, 96, 101, 102, 103, 104, 117, 118, 119, 120, 136, 152, 168, 184, 200, 216, 232, 248],
89:[90, 91, 92, 93, 94, 95, 96, 105, 106, 107, 108, 121, 122, 123, 124, 137, 153, 169, 185, 201, 217, 233, 249],
90:[91, 92, 93, 94, 95, 96, 105, 106, 107, 108, 121, 122, 123, 124, 138, 154, 170, 186, 202, 218, 234, 250],
91:[92, 93, 94, 95, 96, 105, 106, 107, 108, 121, 122, 123, 124, 139, 155, 171, 187, 203, 219, 235, 251],
92:[93, 94, 95, 96, 105, 106, 107, 108, 121, 122, 123, 124, 140, 156, 172, 188, 204, 220, 236, 252],
93:[94, 95, 96, 109, 110, 111, 112, 125, 126, 127, 128, 141, 157, 173, 189, 205, 221, 237, 253],
94:[95, 96, 109, 110, 111, 112, 125, 126, 127, 128, 142, 158, 174, 190, 206, 222, 238, 254],
95:[96, 109, 110, 111, 112, 125, 126, 127, 128, 143, 159, 175, 191, 207, 223, 239, 255],
96:[109, 110, 111, 112, 125, 126, 127, 128, 144, 160, 176, 192, 208, 224, 240, 256],
97:[98, 99, 100, 101, 102, 103, 104, 105, 106, 107, 108, 109, 110, 111, 112, 113, 114, 115, 116, 129, 145, 161, 177, 193, 209, 225, 241],
98:[99, 100, 101, 102, 103, 104, 105, 106, 107, 108, 109, 110, 111, 112, 113, 114, 115, 116, 130, 146, 162, 178, 194, 210, 226, 242],
99:[100, 101, 102, 103, 104, 105, 106, 107, 108, 109, 110, 111, 112, 113, 114, 115, 116, 131, 147, 163, 179, 195, 211, 227, 243],
100:[101, 102, 103, 104, 105, 106, 107, 108, 109, 110, 111, 112, 113, 114, 115, 116, 132, 148, 164, 180, 196, 212, 228, 244],
101:[102, 103, 104, 105, 106, 107, 108, 109, 110, 111, 112, 117, 118, 119, 120, 133, 149, 165, 181, 197, 213, 229, 245],
102:[103, 104, 105, 106, 107, 108, 109, 110, 111, 112, 117, 118, 119, 120, 134, 150, 166, 182, 198, 214, 230, 246],
103:[104, 105, 106, 107, 108, 109, 110, 111, 112, 117, 118, 119, 120, 135, 151, 167, 183, 199, 215, 231, 247],
104:[105, 106, 107, 108, 109, 110, 111, 112, 117, 118, 119, 120, 136, 152, 168, 184, 200, 216, 232, 248],
105:[106, 107, 108, 109, 110, 111, 112, 121, 122, 123, 124, 137, 153, 169, 185, 201, 217, 233, 249],
106:[107, 108, 109, 110, 111, 112, 121, 122, 123, 124, 138, 154, 170, 186, 202, 218, 234, 250],
107:[108, 109, 110, 111, 112, 121, 122, 123, 124, 139, 155, 171, 187, 203, 219, 235, 251],
108:[109, 110, 111, 112, 121, 122, 123, 124, 140, 156, 172, 188, 204, 220, 236, 252],
109:[110, 111, 112, 125, 126, 127, 128, 141, 157, 173, 189, 205, 221, 237, 253],
110:[111, 112, 125, 126, 127, 128, 142, 158, 174, 190, 206, 222, 238, 254],
111:[112, 125, 126, 127, 128, 143, 159, 175, 191, 207, 223, 239, 255],
112:[125, 126, 127, 128, 144, 160, 176, 192, 208, 224, 240, 256],
113:[114, 115, 116, 117, 118, 119, 120, 121, 122, 123, 124, 125, 126, 127, 128, 129, 145, 161, 177, 193, 209, 225, 241],
114:[115, 116, 117, 118, 119, 120, 121, 122, 123, 124, 125, 126, 127, 128, 130, 146, 162, 178, 194, 210, 226, 242],
115:[116, 117, 118, 119, 120, 121, 122, 123, 124, 125, 126, 127, 128, 131, 147, 163, 179, 195, 211, 227, 243],
116:[117, 118, 119, 120, 121, 122, 123, 124, 125, 126, 127, 128, 132, 148, 164, 180, 196, 212, 228, 244],
117:[118, 119, 120, 121, 122, 123, 124, 125, 126, 127, 128, 133, 149, 165, 181, 197, 213, 229, 245],
118:[119, 120, 121, 122, 123, 124, 125, 126, 127, 128, 134, 150, 166, 182, 198, 214, 230, 246],
119:[120, 121, 122, 123, 124, 125, 126, 127, 128, 135, 151, 167, 183, 199, 215, 231, 247],
120:[121, 122, 123, 124, 125, 126, 127, 128, 136, 152, 168, 184, 200, 216, 232, 248],
121:[122, 123, 124, 125, 126, 127, 128, 137, 153, 169, 185, 201, 217, 233, 249],
122:[123, 124, 125, 126, 127, 128, 138, 154, 170, 186, 202, 218, 234, 250],
123:[124, 125, 126, 127, 128, 139, 155, 171, 187, 203, 219, 235, 251],
124:[125, 126, 127, 128, 140, 156, 172, 188, 204, 220, 236, 252],
125:[126, 127, 128, 141, 157, 173, 189, 205, 221, 237, 253],
126:[127, 128, 142, 158, 174, 190, 206, 222, 238, 254],
127:[128, 143, 159, 175, 191, 207, 223, 239, 255],
128:[144, 160, 176, 192, 208, 224, 240, 256],
129:[130, 131, 132, 133, 134, 135, 136, 137, 138, 139, 140, 141, 142, 143, 144, 145, 146, 147, 148, 161, 162, 163, 164, 177, 178, 179, 180, 193, 209, 225, 241],
130:[131, 132, 133, 134, 135, 136, 137, 138, 139, 140, 141, 142, 143, 144, 145, 146, 147, 148, 161, 162, 163, 164, 177, 178, 179, 180, 194, 210, 226, 242],
131:[132, 133, 134, 135, 136, 137, 138, 139, 140, 141, 142, 143, 144, 145, 146, 147, 148, 161, 162, 163, 164, 177, 178, 179, 180, 195, 211, 227, 243],
132:[133, 134, 135, 136, 137, 138, 139, 140, 141, 142, 143, 144, 145, 146, 147, 148, 161, 162, 163, 164, 177, 178, 179, 180, 196, 212, 228, 244],
133:[134, 135, 136, 137, 138, 139, 140, 141, 142, 143, 144, 149, 150, 151, 152, 165, 166, 167, 168, 181, 182, 183, 184, 197, 213, 229, 245],
134:[135, 136, 137, 138, 139, 140, 141, 142, 143, 144, 149, 150, 151, 152, 165, 166, 167, 168, 181, 182, 183, 184, 198, 214, 230, 246],
135:[136, 137, 138, 139, 140, 141, 142, 143, 144, 149, 150, 151, 152, 165, 166, 167, 168, 181, 182, 183, 184, 199, 215, 231, 247],
136:[137, 138, 139, 140, 141, 142, 143, 144, 149, 150, 151, 152, 165, 166, 167, 168, 181, 182, 183, 184, 200, 216, 232, 248],
137:[138, 139, 140, 141, 142, 143, 144, 153, 154, 155, 156, 169, 170, 171, 172, 185, 186, 187, 188, 201, 217, 233, 249],
138:[139, 140, 141, 142, 143, 144, 153, 154, 155, 156, 169, 170, 171, 172, 185, 186, 187, 188, 202, 218, 234, 250],
139:[140, 141, 142, 143, 144, 153, 154, 155, 156, 169, 170, 171, 172, 185, 186, 187, 188, 203, 219, 235, 251],
140:[141, 142, 143, 144, 153, 154, 155, 156, 169, 170, 171, 172, 185, 186, 187, 188, 204, 220, 236, 252],
141:[142, 143, 144, 157, 158, 159, 160, 173, 174, 175, 176, 189, 190, 191, 192, 205, 221, 237, 253],
142:[143, 144, 157, 158, 159, 160, 173, 174, 175, 176, 189, 190, 191, 192, 206, 222, 238, 254],
143:[144, 157, 158, 159, 160, 173, 174, 175, 176, 189, 190, 191, 192, 207, 223, 239, 255],
144:[157, 158, 159, 160, 173, 174, 175, 176, 189, 190, 191, 192, 208, 224, 240, 256],
145:[146, 147, 148, 149, 150, 151, 152, 153, 154, 155, 156, 157, 158, 159, 160, 161, 162, 163, 164, 177, 178, 179, 180, 193, 209, 225, 241],
146:[147, 148, 149, 150, 151, 152, 153, 154, 155, 156, 157, 158, 159, 160, 161, 162, 163, 164, 177, 178, 179, 180, 194, 210, 226, 242],
147:[148, 149, 150, 151, 152, 153, 154, 155, 156, 157, 158, 159, 160, 161, 162, 163, 164, 177, 178, 179, 180, 195, 211, 227, 243],
148:[149, 150, 151, 152, 153, 154, 155, 156, 157, 158, 159, 160, 161, 162, 163, 164, 177, 178, 179, 180, 196, 212, 228, 244],
149:[150, 151, 152, 153, 154, 155, 156, 157, 158, 159, 160, 165, 166, 167, 168, 181, 182, 183, 184, 197, 213, 229, 245],
150:[151, 152, 153, 154, 155, 156, 157, 158, 159, 160, 165, 166, 167, 168, 181, 182, 183, 184, 198, 214, 230, 246],
151:[152, 153, 154, 155, 156, 157, 158, 159, 160, 165, 166, 167, 168, 181, 182, 183, 184, 199, 215, 231, 247],
152:[153, 154, 155, 156, 157, 158, 159, 160, 165, 166, 167, 168, 181, 182, 183, 184, 200, 216, 232, 248],
153:[154, 155, 156, 157, 158, 159, 160, 169, 170, 171, 172, 185, 186, 187, 188, 201, 217, 233, 249],
154:[155, 156, 157, 158, 159, 160, 169, 170, 171, 172, 185, 186, 187, 188, 202, 218, 234, 250],
155:[156, 157, 158, 159, 160, 169, 170, 171, 172, 185, 186, 187, 188, 203, 219, 235, 251],
156:[157, 158, 159, 160, 169, 170, 171, 172, 185, 186, 187, 188, 204, 220, 236, 252],
157:[158, 159, 160, 173, 174, 175, 176, 189, 190, 191, 192, 205, 221, 237, 253],
158:[159, 160, 173, 174, 175, 176, 189, 190, 191, 192, 206, 222, 238, 254],
159:[160, 173, 174, 175, 176, 189, 190, 191, 192, 207, 223, 239, 255],
160:[173, 174, 175, 176, 189, 190, 191, 192, 208, 224, 240, 256],
161:[162, 163, 164, 165, 166, 167, 168, 169, 170, 171, 172, 173, 174, 175, 176, 177, 178, 179, 180, 193, 209, 225, 241],
162:[163, 164, 165, 166, 167, 168, 169, 170, 171, 172, 173, 174, 175, 176, 177, 178, 179, 180, 194, 210, 226, 242],
163:[164, 165, 166, 167, 168, 169, 170, 171, 172, 173, 174, 175, 176, 177, 178, 179, 180, 195, 211, 227, 243],
164:[165, 166, 167, 168, 169, 170, 171, 172, 173, 174, 175, 176, 177, 178, 179, 180, 196, 212, 228, 244],
165:[166, 167, 168, 169, 170, 171, 172, 173, 174, 175, 176, 181, 182, 183, 184, 197, 213, 229, 245],
166:[167, 168, 169, 170, 171, 172, 173, 174, 175, 176, 181, 182, 183, 184, 198, 214, 230, 246],
167:[168, 169, 170, 171, 172, 173, 174, 175, 176, 181, 182, 183, 184, 199, 215, 231, 247],
168:[169, 170, 171, 172, 173, 174, 175, 176, 181, 182, 183, 184, 200, 216, 232, 248],
169:[170, 171, 172, 173, 174, 175, 176, 185, 186, 187, 188, 201, 217, 233, 249],
170:[171, 172, 173, 174, 175, 176, 185, 186, 187, 188, 202, 218, 234, 250],
171:[172, 173, 174, 175, 176, 185, 186, 187, 188, 203, 219, 235, 251],
172:[173, 174, 175, 176, 185, 186, 187, 188, 204, 220, 236, 252],
173:[174, 175, 176, 189, 190, 191, 192, 205, 221, 237, 253],
174:[175, 176, 189, 190, 191, 192, 206, 222, 238, 254],
175:[176, 189, 190, 191, 192, 207, 223, 239, 255],
176:[189, 190, 191, 192, 208, 224, 240, 256],
177:[178, 179, 180, 181, 182, 183, 184, 185, 186, 187, 188, 189, 190, 191, 192, 193, 209, 225, 241],
178:[179, 180, 181, 182, 183, 184, 185, 186, 187, 188, 189, 190, 191, 192, 194, 210, 226, 242],
179:[180, 181, 182, 183, 184, 185, 186, 187, 188, 189, 190, 191, 192, 195, 211, 227, 243],
180:[181, 182, 183, 184, 185, 186, 187, 188, 189, 190, 191, 192, 196, 212, 228, 244],
181:[182, 183, 184, 185, 186, 187, 188, 189, 190, 191, 192, 197, 213, 229, 245],
182:[183, 184, 185, 186, 187, 188, 189, 190, 191, 192, 198, 214, 230, 246],
183:[184, 185, 186, 187, 188, 189, 190, 191, 192, 199, 215, 231, 247],
184:[185, 186, 187, 188, 189, 190, 191, 192, 200, 216, 232, 248],
185:[186, 187, 188, 189, 190, 191, 192, 201, 217, 233, 249],
186:[187, 188, 189, 190, 191, 192, 202, 218, 234, 250],
187:[188, 189, 190, 191, 192, 203, 219, 235, 251],
188:[189, 190, 191, 192, 204, 220, 236, 252],
189:[190, 191, 192, 205, 221, 237, 253],
190:[191, 192, 206, 222, 238, 254],
191:[192, 207, 223, 239, 255],
192:[208, 224, 240, 256],
193:[194, 195, 196, 197, 198, 199, 200, 201, 202, 203, 204, 205, 206, 207, 208, 209, 210, 211, 212, 225, 226, 227, 228, 241, 242, 243, 244],
194:[195, 196, 197, 198, 199, 200, 201, 202, 203, 204, 205, 206, 207, 208, 209, 210, 211, 212, 225, 226, 227, 228, 241, 242, 243, 244],
195:[196, 197, 198, 199, 200, 201, 202, 203, 204, 205, 206, 207, 208, 209, 210, 211, 212, 225, 226, 227, 228, 241, 242, 243, 244],
196:[197, 198, 199, 200, 201, 202, 203, 204, 205, 206, 207, 208, 209, 210, 211, 212, 225, 226, 227, 228, 241, 242, 243, 244],
197:[198, 199, 200, 201, 202, 203, 204, 205, 206, 207, 208, 213, 214, 215, 216, 229, 230, 231, 232, 245, 246, 247, 248],
198:[199, 200, 201, 202, 203, 204, 205, 206, 207, 208, 213, 214, 215, 216, 229, 230, 231, 232, 245, 246, 247, 248],
199:[200, 201, 202, 203, 204, 205, 206, 207, 208, 213, 214, 215, 216, 229, 230, 231, 232, 245, 246, 247, 248],
200:[201, 202, 203, 204, 205, 206, 207, 208, 213, 214, 215, 216, 229, 230, 231, 232, 245, 246, 247, 248],
201:[202, 203, 204, 205, 206, 207, 208, 217, 218, 219, 220, 233, 234, 235, 236, 249, 250, 251, 252],
202:[203, 204, 205, 206, 207, 208, 217, 218, 219, 220, 233, 234, 235, 236, 249, 250, 251, 252],
203:[204, 205, 206, 207, 208, 217, 218, 219, 220, 233, 234, 235, 236, 249, 250, 251, 252],
204:[205, 206, 207, 208, 217, 218, 219, 220, 233, 234, 235, 236, 249, 250, 251, 252],
205:[206, 207, 208, 221, 222, 223, 224, 237, 238, 239, 240, 253, 254, 255, 256],
206:[207, 208, 221, 222, 223, 224, 237, 238, 239, 240, 253, 254, 255, 256],
207:[208, 221, 222, 223, 224, 237, 238, 239, 240, 253, 254, 255, 256],
208:[221, 222, 223, 224, 237, 238, 239, 240, 253, 254, 255, 256],
209:[210, 211, 212, 213, 214, 215, 216, 217, 218, 219, 220, 221, 222, 223, 224, 225, 226, 227, 228, 241, 242, 243, 244],
210:[211, 212, 213, 214, 215, 216, 217, 218, 219, 220, 221, 222, 223, 224, 225, 226, 227, 228, 241, 242, 243, 244],
211:[212, 213, 214, 215, 216, 217, 218, 219, 220, 221, 222, 223, 224, 225, 226, 227, 228, 241, 242, 243, 244],
212:[213, 214, 215, 216, 217, 218, 219, 220, 221, 222, 223, 224, 225, 226, 227, 228, 241, 242, 243, 244],
213:[214, 215, 216, 217, 218, 219, 220, 221, 222, 223, 224, 229, 230, 231, 232, 245, 246, 247, 248],
214:[215, 216, 217, 218, 219, 220, 221, 222, 223, 224, 229, 230, 231, 232, 245, 246, 247, 248],
215:[216, 217, 218, 219, 220, 221, 222, 223, 224, 229, 230, 231, 232, 245, 246, 247, 248],
216:[217, 218, 219, 220, 221, 222, 223, 224, 229, 230, 231, 232, 245, 246, 247, 248],
217:[218, 219, 220, 221, 222, 223, 224, 233, 234, 235, 236, 249, 250, 251, 252],
218:[219, 220, 221, 222, 223, 224, 233, 234, 235, 236, 249, 250, 251, 252],
219:[220, 221, 222, 223, 224, 233, 234, 235, 236, 249, 250, 251, 252],
220:[221, 222, 223, 224, 233, 234, 235, 236, 249, 250, 251, 252],
221:[222, 223, 224, 237, 238, 239, 240, 253, 254, 255, 256],
222:[223, 224, 237, 238, 239, 240, 253, 254, 255, 256],
223:[224, 237, 238, 239, 240, 253, 254, 255, 256],
224:[237, 238, 239, 240, 253, 254, 255, 256],
225:[226, 227, 228, 229, 230, 231, 232, 233, 234, 235, 236, 237, 238, 239, 240, 241, 242, 243, 244],
226:[227, 228, 229, 230, 231, 232, 233, 234, 235, 236, 237, 238, 239, 240, 241, 242, 243, 244],
227:[228, 229, 230, 231, 232, 233, 234, 235, 236, 237, 238, 239, 240, 241, 242, 243, 244],
228:[229, 230, 231, 232, 233, 234, 235, 236, 237, 238, 239, 240, 241, 242, 243, 244],
229:[230, 231, 232, 233, 234, 235, 236, 237, 238, 239, 240, 245, 246, 247, 248],
230:[231, 232, 233, 234, 235, 236, 237, 238, 239, 240, 245, 246, 247, 248],
231:[232, 233, 234, 235, 236, 237, 238, 239, 240, 245, 246, 247, 248],
232:[233, 234, 235, 236, 237, 238, 239, 240, 245, 246, 247, 248],
233:[234, 235, 236, 237, 238, 239, 240, 249, 250, 251, 252],
234:[235, 236, 237, 238, 239, 240, 249, 250, 251, 252],
235:[236, 237, 238, 239, 240, 249, 250, 251, 252],
236:[237, 238, 239, 240, 249, 250, 251, 252],
237:[238, 239, 240, 253, 254, 255, 256],
238:[239, 240, 253, 254, 255, 256],
239:[240, 253, 254, 255, 256],
240:[253, 254, 255, 256],
241:[242, 243, 244, 245, 246, 247, 248, 249, 250, 251, 252, 253, 254, 255, 256],
242:[243, 244, 245, 246, 247, 248, 249, 250, 251, 252, 253, 254, 255, 256],
243:[244, 245, 246, 247, 248, 249, 250, 251, 252, 253, 254, 255, 256],
244:[245, 246, 247, 248, 249, 250, 251, 252, 253, 254, 255, 256],
245:[246, 247, 248, 249, 250, 251, 252, 253, 254, 255, 256],
246:[247, 248, 249, 250, 251, 252, 253, 254, 255, 256],
247:[248, 249, 250, 251, 252, 253, 254, 255, 256],
248:[249, 250, 251, 252, 253, 254, 255, 256],
249:[250, 251, 252, 253, 254, 255, 256],
250:[251, 252, 253, 254, 255, 256],
251:[252, 253, 254, 255, 256],
252:[253, 254, 255, 256],
253:[254, 255, 256],
254:[255, 256],
255:[256],
})

####

# This section is to demonstrate a proper n^2-coloring of the graph, 
# given a proper (partial) coloring of the vertices corresponding to the top row of the board.
# This is achieved by partitioning the vertices into specific (independent) sets.
# Once partitioned, subgraphs are induced on these vertices,
# and we verify that these induced subgraphs contain no edges (and hence are independent sets),
# that each set has exactly n^2 vertices,
# and that there are exactly n^2 such independent sets.
# The results are saved to a file named “s4propcol.txt”.
# Note that this requires the canonical labeling of the vertices.


n = 4
i = range(1, n^2 + 1)
V = list(cartesian_product([i,i]))
P = [[(1,j)] for j in range(1,n^2+1)]

def f(x):
	if x[0] == 1:
		for m in range(len(P)):
			if x[1] == P[m][0][1]:
				P[m].append(u)
	if 1 < x[0] <= n:
		v = []
		v.append(x[0] - 1)
		v.append((x[1] + n)%(n^2))
		if v[1] == 0:
			v[1] = v[1] + n^2
		f(v)
	if x[0] > n:
		z = []
		z.append(x[0] - n)
		if x[1]%n == 0:
			z.append(x[1] + 1 - n)
		else:
			z.append(x[1] + 1)
		f(z)

for k in range(n^2, len(V)):
	u = V[k]
	f(u)

o=open('./s4propcol.txt','w')
X = list(range(1,n^2+1))
for t in range(len(P)):
        X[t]=S4.subgraph(P[t],algorithm="add")
        o.write(str('Subgraph '))
        o.write(str(t+1))
        o.write(str(' is on vertices '))
        o.write(str(X[t].vertices()))
        o.write(str('\n'))
        o.write(str('This subgraph has '))
        o.write(str(X[t].order()))
        o.write(str(' vertices and '))
        o.write(str((X[t].size())))
        o.write(str(' edges.'))
        o.write(str('\n'))
o.close


#######
# Our results for this are pasted below:
###

Subgraph 1 is on vertices [(1, 1), (2, 13), (3, 9), (4, 5), (5, 4), (6, 16), (7, 12), (8, 8), (9, 3), (10, 15), (11, 11), (12, 7), (13, 2), (14, 14), (15, 10), (16, 6)]
This subgraph has 16 vertices and 0 edges.
Subgraph 2 is on vertices [(1, 2), (2, 14), (3, 10), (4, 6), (5, 1), (6, 13), (7, 9), (8, 5), (9, 4), (10, 16), (11, 12), (12, 8), (13, 3), (14, 15), (15, 11), (16, 7)]
This subgraph has 16 vertices and 0 edges.
Subgraph 3 is on vertices [(1, 3), (2, 15), (3, 11), (4, 7), (5, 2), (6, 14), (7, 10), (8, 6), (9, 1), (10, 13), (11, 9), (12, 5), (13, 4), (14, 16), (15, 12), (16, 8)]
This subgraph has 16 vertices and 0 edges.
Subgraph 4 is on vertices [(1, 4), (2, 16), (3, 12), (4, 8), (5, 3), (6, 15), (7, 11), (8, 7), (9, 2), (10, 14), (11, 10), (12, 6), (13, 1), (14, 13), (15, 9), (16, 5)]
This subgraph has 16 vertices and 0 edges.
Subgraph 5 is on vertices [(1, 5), (2, 1), (3, 13), (4, 9), (5, 8), (6, 4), (7, 16), (8, 12), (9, 7), (10, 3), (11, 15), (12, 11), (13, 6), (14, 2), (15, 14), (16, 10)]
This subgraph has 16 vertices and 0 edges.
Subgraph 6 is on vertices [(1, 6), (2, 2), (3, 14), (4, 10), (5, 5), (6, 1), (7, 13), (8, 9), (9, 8), (10, 4), (11, 16), (12, 12), (13, 7), (14, 3), (15, 15), (16, 11)]
This subgraph has 16 vertices and 0 edges.
Subgraph 7 is on vertices [(1, 7), (2, 3), (3, 15), (4, 11), (5, 6), (6, 2), (7, 14), (8, 10), (9, 5), (10, 1), (11, 13), (12, 9), (13, 8), (14, 4), (15, 16), (16, 12)]
This subgraph has 16 vertices and 0 edges.
Subgraph 8 is on vertices [(1, 8), (2, 4), (3, 16), (4, 12), (5, 7), (6, 3), (7, 15), (8, 11), (9, 6), (10, 2), (11, 14), (12, 10), (13, 5), (14, 1), (15, 13), (16, 9)]
This subgraph has 16 vertices and 0 edges.
Subgraph 9 is on vertices [(1, 9), (2, 5), (3, 1), (4, 13), (5, 12), (6, 8), (7, 4), (8, 16), (9, 11), (10, 7), (11, 3), (12, 15), (13, 10), (14, 6), (15, 2), (16, 14)]
This subgraph has 16 vertices and 0 edges.
Subgraph 10 is on vertices [(1, 10), (2, 6), (3, 2), (4, 14), (5, 9), (6, 5), (7, 1), (8, 13), (9, 12), (10, 8), (11, 4), (12, 16), (13, 11), (14, 7), (15, 3), (16, 15)]
This subgraph has 16 vertices and 0 edges.
Subgraph 11 is on vertices [(1, 11), (2, 7), (3, 3), (4, 15), (5, 10), (6, 6), (7, 2), (8, 14), (9, 9), (10, 5), (11, 1), (12, 13), (13, 12), (14, 8), (15, 4), (16, 16)]
This subgraph has 16 vertices and 0 edges.
Subgraph 12 is on vertices [(1, 12), (2, 8), (3, 4), (4, 16), (5, 11), (6, 7), (7, 3), (8, 15), (9, 10), (10, 6), (11, 2), (12, 14), (13, 9), (14, 5), (15, 1), (16, 13)]
This subgraph has 16 vertices and 0 edges.
Subgraph 13 is on vertices [(1, 13), (2, 9), (3, 5), (4, 1), (5, 16), (6, 12), (7, 8), (8, 4), (9, 15), (10, 11), (11, 7), (12, 3), (13, 14), (14, 10), (15, 6), (16, 2)]
This subgraph has 16 vertices and 0 edges.
Subgraph 14 is on vertices [(1, 14), (2, 10), (3, 6), (4, 2), (5, 13), (6, 9), (7, 5), (8, 1), (9, 16), (10, 12), (11, 8), (12, 4), (13, 15), (14, 11), (15, 7), (16, 3)]
This subgraph has 16 vertices and 0 edges.
Subgraph 15 is on vertices [(1, 15), (2, 11), (3, 7), (4, 3), (5, 14), (6, 10), (7, 6), (8, 2), (9, 13), (10, 9), (11, 5), (12, 1), (13, 16), (14, 12), (15, 8), (16, 4)]
This subgraph has 16 vertices and 0 edges.
Subgraph 16 is on vertices [(1, 16), (2, 12), (3, 8), (4, 4), (5, 15), (6, 11), (7, 7), (8, 3), (9, 14), (10, 10), (11, 6), (12, 2), (13, 13), (14, 9), (15, 5), (16, 1)]
This subgraph has 16 vertices and 0 edges.


#######
#######
# This section constructs the graph (K_{n^2} (cartesian graph product) K_{n^2}) U (n K_n (strong graph product) n K_n), 
# where K_{n^2} is the complete graph on n^2 vertices,
# n K_n is n disjoint copies of the complete graph on n vertices,
# where the two products have the same vertex set,
# and the union of the products is the union of their edge sets.
# We then test this graph for isomorphism against the sudoku graph.
#######
#######
#######

#######
#######
#######
# This section generates the direct product group Z_n x Z_n x Z_n x Z_n, forms a particular Cayley graph for the group, 
# and checks this Cayley graph for isomorphism against the sudoku graph.
#######
#######
#######

# This section generates a .png file of an embedding of the graph in a file named “s4visual.png”.

o=open('./s4visual.png','w')
o=S4.plot(layout='circular',vertex_labels=False,vertex_size=50,vertex_colors=(1,1,1))
o.save('s4visual.png')
o.close

#######
#######
#######
# This section generates an induced subgraph of Sm, 2 <= m <= n.
#######
#######
#######

# This section tests various properties of the graph and outputs the results in a file named “s4info.txt”. 
# Be warned that some of these processes are computationally expensive, especially for n > 3
# (particularly .is_circulant)

n=4
q=3*n^2-2*n-1
a=S4.size()
b=S4.is_regular(q)
c=S4.clique_number()
d=S4.independent_set(value_only=True)
e=S4.is_planar()
f=S4.is_strongly_regular()
g=S4.chromatic_number()
h=S4.is_cayley()
i=S4.is_vertex_transitive()
j=S4.is_edge_transitive()
k=S4.is_hamiltonian()
l=S4.vertex_connectivity()
p=S4.is_circulant()
r=S4.automorphism_group()

o=open('./s4info.txt','w')
o.write(str('The number of edges in S4 is '))
o.write(str(a))
o.write(str('\n'))
o.write(str('It is '))
o.write(str(b))
o.write(str(' that S4 is '))
o.write(str(q))
o.write(str('-regular'))
o.write(str('\n'))
o.write(str('The clique number is '))
o.write(str(c))
o.write(str('\n'))
o.write(str('The independence number is '))
o.write(str(d))
o.write(str('\n'))
o.write(str('It is '))
o.write(str(e))
o.write(str(' that S4 is planar'))
o.write(str('\n'))
o.write(str('It is '))
o.write(str(f))
o.write(str(' that S4 is strongly regular'))
o.write(str('\n'))
o.write(str('The chromatic number is '))
o.write(str(g))
o.write(str('\n'))
o.write(str('It is '))
o.write(str(h))
o.write(str(' that S4 is a Cayley graph for some group'))
o.write(str('\n'))
o.write(str('It is '))
o.write(str(i))
o.write(str(' that S4 is vertex transitive'))
o.write(str('\n'))
o.write(str('It is '))
o.write(str(j))
o.write(str(' that S4 is edge transitive'))
o.write(str('\n'))
o.write(str('It is '))
o.write(str(k))
o.write(str(' that S4 is hamiltonian'))
o.write(str('\n'))
o.write(str('The vertex connectivity is '))
o.write(str(l))
o.write(str('\n'))
o.write(str('It is '))
o.write(str(p))
o.write(str(' that S4 is a circulant graph.'))
o.write(str('\n'))
o.write(str('S4 has automorphism group order '))
o.write(str(r.order()))
o.write(str('\n'))
o.write(str('This has factorization '))
o.write(str(factor(r.order())))
o.close

#######
# Our results for this are pasted below:
###

The number of edges in S4 is 4992
It is True that S4 is 39-regular
The clique number is 16
The independence number is 16
It is False that S4 is planar
It is False that S4 is strongly regular
The chromatic number is 16
It is  *[Computation Timed Out]*  that S4 is a Cayley graph for some group
It is True that S4 is vertex transitive
It is False that S4 is edge transitive
It is True that S4 is hamiltonian
The vertex connectivity is  *[Computation Timed Out]*
It is False that S4 is a circulant graph.
S4 has automorphism group order 126806761930752
This has factorization 2^31 * 3^10

#######